# Extraterrestrial flux for Kato et al. [1999] correlated-k algorithm.
# Flux is integrated over each of the 32 wavelength bands
# Unit [W/m^2/band]
#
 256.300 0.403338E+01
 277.948 0.227886E+01
 295.127 0.116004E+02
 317.306 0.154937E+02
 345.136 0.352634E+02
 385.000 0.541390E+02
 429.773 0.787000E+02
 484.863 0.128678E+03
 528.840 0.417882E+02
 544.800 0.177609E+02
 558.050 0.316404E+02
 585.800 0.696799E+02
 615.000 0.343619E+02
 645.850 0.668417E+02
 675.439 0.265117E+02
 694.313 0.291896E+02
 723.531 0.513002E+02
 767.046 0.597838E+02
 817.968 0.579682E+02
 866.714 0.433013E+02
 931.938 0.742619E+02
1010.320 0.515635E+02
1119.970 0.863763E+02
1355.060 0.123446E+03
1564.700 0.260267E+02
1789.120 0.621167E+02
2059.130 0.198044E+02
2214.330 0.977596E+01
2638.540 0.322878E+02
3318.660 0.116344E+02
3813.210 0.375286E+01
4298.320 0.405624E+01

