380 1203.37
385 834.952
390 1192.74
395 908.263
400 1670.75
405 1658.17
410 1772.2
415 1788.47
420 1717.09
425 1605.6
430 1394.52
435 1695.69
440 1737.47
445 1880.87
450 2069.67
455 2023.45
460 2050.03
465 2046.16
470 2074.3
475 2086.76
480 2106.41
485 1927.2
490 1964.5
495 2023.41
500 1899.62
505 1962.11
510 1971.29
515 1797.83
520 1813.57
525 1833.47
530 1942.59
535 1860.83
540 1885.55
545 1906.88
550 1870.53
555 1876.55
560 1842.51
565 1852.35
570 1852.63
575 1880.37
580 1850.2
585 1846.35
590 1772.84
595 1815.28
600 1775.55
605 1785.17
610 1737.29
615 1657.99
620 1702.61
625 1651.31
630 1662.2
635 1641
640 1625.13
645 1605.05
650 1586.51
655 1493.03
660 1562.62
665 1550.36
670 1537.19
675 1521.28
680 1504.44
685 1480.06
690 1475.65
695 1453.68
700 1426.96
705 1412.52
710 1400.21
715 1370.64
720 1343.17
725 1351.14
730 1320.18
735 1320.67
740 1279.53
745 1288.45
750 1273.23
755 1264.17
760 1243.7
765 1229.33
770 1220.45
775 1202.54
780 1199.31
