380 377.5 382.5
385 382.5 387.5
390 387.5 392.5
395 392.5 397.5
400 397.5 402.5
405 402.5 407.5
410 407.5 412.5
415 412.5 417.5
420 417.5 422.5
425 422.5 427.5
430 427.5 432.5
435 432.5 437.5
440 437.5 442.5
445 442.5 447.5
450 447.5 452.5
455 452.5 457.5
460 457.5 462.5
465 462.5 467.5
470 467.5 472.5
475 472.5 477.5
480 477.5 482.5
485 482.5 487.5
490 487.5 492.5
495 492.5 497.5
500 497.5 502.5
505 502.5 507.5
510 507.5 512.5
515 512.5 517.5
520 517.5 522.5
525 522.5 527.5
530 527.5 532.5
535 532.5 537.5
540 537.5 542.5
545 542.5 547.5
550 547.5 552.5
555 552.5 557.5
560 557.5 562.5
565 562.5 567.5
570 567.5 572.5
575 572.5 577.5
580 577.5 582.5
585 582.5 587.5
590 587.5 592.5
595 592.5 597.5
600 597.5 602.5
605 602.5 607.5
610 607.5 612.5
615 612.5 617.5
620 617.5 622.5
625 622.5 627.5
630 627.5 632.5
635 632.5 637.5
640 637.5 642.5
645 642.5 647.5
650 647.5 652.5
655 652.5 657.5
660 657.5 662.5
665 662.5 667.5
670 667.5 672.5
675 672.5 677.5
680 677.5 682.5
685 682.5 687.5
690 687.5 692.5
695 692.5 697.5
700 697.5 702.5
705 702.5 707.5
710 707.5 712.5
715 712.5 717.5
720 717.5 722.5
725 722.5 727.5
730 727.5 732.5
735 732.5 737.5
740 737.5 742.5
745 742.5 747.5
750 747.5 752.5
755 752.5 757.5
760 757.5 762.5
765 762.5 767.5
770 767.5 772.5
775 772.5 777.5
780 777.5 782.5
