# Source: K. Bogumil, J. Orphal, and J. P. Burrows
# University of Bremen - Institute of Environmental Physics
# P. O. Box 33 04 40
# D-28334 Bremen, Germany
# e-mail: Konstanze.Bogumil@iup.physik.uni-bremen.de
# SIGMA = (C0 + C1*(T-T0) + C2*(T-T0)^2) * 1.E-20 cm^2
# where T0 = 273.15 and T is in Kelvin
#
# wavelength
# (air nm)         C0          C1(T-T0)         C2((T-T0)^2)
   239.0      4.42290e+00      1.98961e-05     -2.36691e-04
   239.1      4.41290e+00      3.58368e-04     -2.46688e-04
   239.2      4.34591e+00      1.05389e-03     -2.48125e-04
   239.3      4.34098e+00      1.16937e-03     -2.44978e-04
   239.4      4.41460e+00      1.22303e-03     -2.30856e-04
   239.5      4.58545e+00      5.82266e-04     -2.24094e-04
   239.6      4.81484e+00     -1.01163e-03     -2.32858e-04
   239.7      4.92802e+00     -1.06724e-03     -2.16582e-04
   239.8      4.96928e+00     -5.16559e-04     -2.09947e-04
   239.9      5.00253e+00     -8.24322e-04     -2.12570e-04
   240.0      5.15211e+00     -1.83204e-03     -2.12546e-04
   240.1      5.49470e+00     -2.30128e-03     -2.13615e-04
   240.2      5.72140e+00     -2.80344e-03     -2.09087e-04
   240.3      5.72796e+00     -2.06623e-03     -2.12339e-04
   240.4      5.53477e+00     -1.58205e-04     -2.17907e-04
   240.5      5.25214e+00      1.44804e-03     -2.13115e-04
   240.6      5.05363e+00      2.01925e-03     -2.06226e-04
   240.7      4.92152e+00      2.50221e-03     -1.96658e-04
   240.8      4.83916e+00      2.77165e-03     -1.84891e-04
   240.9      4.86295e+00      2.60676e-03     -1.75563e-04
   241.0      5.03066e+00      2.18701e-03     -1.73180e-04
   241.1      5.19006e+00      1.36969e-03     -1.74385e-04
   241.2      5.22250e+00      1.29938e-03     -1.74572e-04
   241.3      5.17777e+00      1.79218e-03     -1.77102e-04
   241.4      5.16335e+00      2.21134e-03     -1.76994e-04
   241.5      5.20871e+00      2.64471e-03     -1.61046e-04
   241.6      5.29099e+00      2.32969e-03     -1.54934e-04
   241.7      5.38264e+00      1.50409e-03     -1.60580e-04
   241.8      5.43363e+00      1.23413e-03     -1.65391e-04
   241.9      5.41383e+00      1.88422e-03     -1.63754e-04
   242.0      5.36706e+00      2.14235e-03     -1.65275e-04
   242.1      5.29936e+00      2.46576e-03     -1.64788e-04
   242.2      5.22848e+00      2.72271e-03     -1.63060e-04
   242.3      5.21029e+00      2.64816e-03     -1.58679e-04
   242.4      5.31401e+00      2.33337e-03     -1.48864e-04
   242.5      5.52731e+00      1.72663e-03     -1.45680e-04
   242.6      5.64787e+00      1.41216e-03     -1.44928e-04
   242.7      5.64319e+00      1.46753e-03     -1.46116e-04
   242.8      5.59822e+00      1.48776e-03     -1.49684e-04
   242.9      5.52997e+00      1.41912e-03     -1.49951e-04
   243.0      5.37752e+00      2.20239e-03     -1.45458e-04
   243.1      5.16481e+00      2.95378e-03     -1.38551e-04
   243.2      5.00140e+00      3.22386e-03     -1.35816e-04
   243.3      5.00469e+00      2.99194e-03     -1.37321e-04
   243.4      5.20899e+00      1.72164e-03     -1.31128e-04
   243.5      5.54531e+00      3.71351e-04     -1.22687e-04
   243.6      5.88534e+00     -5.61797e-04     -1.24632e-04
   243.7      6.11805e+00     -9.29841e-04     -1.27314e-04
   243.8      6.23031e+00     -7.05778e-04     -1.18702e-04
   243.9      6.31874e+00     -9.23100e-05     -1.23361e-04
   244.0      6.36294e+00      7.46488e-04     -1.32065e-04
   244.1      6.40050e+00      1.48404e-03     -1.33010e-04
   244.2      6.43388e+00      2.09812e-03     -1.27561e-04
   244.3      6.41839e+00      2.78495e-03     -1.22059e-04
   244.4      6.41992e+00      3.14118e-03     -1.12431e-04
   244.5      6.50595e+00      2.66864e-03     -1.15518e-04
   244.6      6.59957e+00      2.42039e-03     -1.14245e-04
   244.7      6.69807e+00      2.68893e-03     -1.03231e-04
   244.8      6.92408e+00      2.09765e-03     -1.07812e-04
   244.9      7.17514e+00      8.87254e-04     -1.15343e-04
   245.0      7.24239e+00      1.13609e-03     -1.17530e-04
   245.1      7.12762e+00      2.59041e-03     -1.12487e-04
   245.2      7.17670e+00      2.78305e-03     -1.02480e-04
   245.3      7.77923e+00      1.04233e-04     -9.24424e-05
   245.4      8.60192e+00     -2.88274e-03     -8.78127e-05
   245.5      8.96362e+00     -3.30818e-03     -9.69581e-05
   245.6      8.68806e+00     -8.63895e-04     -1.12386e-04
   245.7      8.01594e+00      2.80907e-03     -1.19582e-04
   245.8      7.22108e+00      6.02072e-03     -1.15725e-04
   245.9      6.60909e+00      7.99257e-03     -1.11684e-04
   246.0      6.35096e+00      7.76922e-03     -1.09316e-04
   246.1      6.40511e+00      6.31017e-03     -9.90957e-05
   246.2      6.73505e+00      4.56132e-03     -8.23064e-05
   246.3      7.35737e+00      1.99157e-03     -7.72829e-05
   246.4      7.86388e+00      4.48370e-04     -7.97052e-05
   246.5      7.93894e+00      1.07010e-03     -9.50807e-05
   246.6      7.71496e+00      3.02107e-03     -1.05313e-04
   246.7      7.54196e+00      4.41168e-03     -9.81287e-05
   246.8      7.60738e+00      4.05536e-03     -9.27583e-05
   246.9      7.89405e+00      2.59032e-03     -8.31456e-05
   247.0      8.25408e+00      1.29952e-03     -7.95643e-05
   247.1      8.41506e+00      9.58537e-04     -8.55637e-05
   247.2      8.24310e+00      1.96159e-03     -9.15522e-05
   247.3      7.94587e+00      4.01760e-03     -8.97085e-05
   247.4      7.81851e+00      4.85296e-03     -8.89668e-05
   247.5      7.89116e+00      4.70077e-03     -8.18445e-05
   247.6      8.16847e+00      3.67320e-03     -7.63291e-05
   247.7      8.62474e+00      1.95667e-03     -7.79567e-05
   247.8      9.10362e+00      7.48966e-04     -7.41653e-05
   247.9      9.39037e+00      7.93549e-04     -6.98239e-05
   248.0      9.39961e+00      1.48000e-03     -7.57912e-05
   248.1      9.17487e+00      2.54618e-03     -8.76149e-05
   248.2      8.92631e+00      3.52671e-03     -9.27665e-05
   248.3      8.90105e+00      3.49207e-03     -8.52783e-05
   248.4      9.05254e+00      2.65491e-03     -7.15297e-05
   248.5      9.19569e+00      2.07411e-03     -6.95997e-05
   248.6      9.13521e+00      2.45713e-03     -7.85657e-05
   248.7      8.89510e+00      3.35596e-03     -8.69830e-05
   248.8      8.69234e+00      3.76869e-03     -8.76153e-05
   248.9      8.63906e+00      3.54055e-03     -8.01867e-05
   249.0      8.80959e+00      2.34095e-03     -7.27084e-05
   249.1      9.25817e+00      8.27189e-04     -6.90782e-05
   249.2      9.61764e+00      3.03708e-04     -7.29962e-05
   249.3      9.49728e+00      1.68780e-03     -8.19575e-05
   249.4      9.36298e+00      3.70917e-03     -7.97362e-05
   249.5      1.00493e+01      1.27829e-03     -6.60329e-05
   249.6      1.13989e+01     -4.15818e-03     -6.43788e-05
   249.7      1.24354e+01     -6.91549e-03     -8.18209e-05
   249.8      1.24251e+01     -3.93569e-03     -1.03373e-04
   249.9      1.16746e+01      1.62273e-03     -1.14144e-04
   250.0      1.09214e+01      5.73779e-03     -1.09160e-04
   250.1      1.05676e+01      7.14970e-03     -8.96004e-05
   250.2      1.08358e+01      5.37399e-03     -6.87675e-05
   250.3      1.15548e+01      1.59106e-03     -5.96726e-05
   250.4      1.20633e+01     -7.32058e-04     -6.64006e-05
   250.5      1.18247e+01      9.96601e-04     -8.77859e-05
   250.6      1.11958e+01      5.14252e-03     -9.22012e-05
   250.7      1.07457e+01      8.01954e-03     -8.32715e-05
   250.8      1.06488e+01      8.23468e-03     -7.60899e-05
   250.9      1.08022e+01      6.99946e-03     -6.89035e-05
   251.0      1.13801e+01      4.35300e-03     -5.57812e-05
   251.1      1.26517e+01     -1.50967e-03     -5.18669e-05
   251.2      1.39862e+01     -6.47844e-03     -5.42103e-05
   251.3      1.45234e+01     -6.73627e-03     -7.40667e-05
   251.4      1.40789e+01     -2.59120e-03     -1.08019e-04
   251.5      1.33023e+01      2.57643e-03     -1.16085e-04
   251.6      1.27424e+01      5.24523e-03     -1.01119e-04
   251.7      1.25326e+01      5.05391e-03     -9.88734e-05
   251.8      1.24932e+01      3.92513e-03     -9.70773e-05
   251.9      1.23681e+01      3.61577e-03     -8.87413e-05
   252.0      1.21281e+01      4.34784e-03     -8.92053e-05
   252.1      1.20952e+01      4.99172e-03     -8.31803e-05
   252.2      1.24104e+01      3.53273e-03     -9.09157e-05
   252.3      1.29816e+01      1.47096e-03     -9.20796e-05
   252.4      1.34280e+01      6.29824e-04     -8.98433e-05
   252.5      1.34535e+01      1.14452e-03     -1.00873e-04
   252.6      1.31924e+01      2.22294e-03     -1.09097e-04
   252.7      1.28851e+01      3.45325e-03     -1.03423e-04
   252.8      1.24958e+01      4.48672e-03     -1.05136e-04
   252.9      1.22881e+01      4.96216e-03     -1.01535e-04
   253.0      1.25863e+01      3.78346e-03     -8.77812e-05
   253.1      1.32731e+01      1.01868e-03     -8.21874e-05
   253.2      1.38063e+01     -4.50815e-04     -8.51265e-05
   253.3      1.41298e+01     -1.09136e-03     -9.71873e-05
   253.4      1.44799e+01     -2.31660e-03     -9.69294e-05
   253.5      1.49357e+01     -4.25437e-03     -9.85078e-05
   253.6      1.54552e+01     -5.19539e-03     -9.89816e-05
   253.7      1.60089e+01     -4.80498e-03     -8.01415e-05
   253.8      1.64300e+01     -6.39685e-03     -1.06549e-04
   253.9      1.63973e+01     -3.84826e-03     -1.20826e-04
   254.0      1.60392e+01      6.50454e-04     -1.17596e-04
   254.1      1.57166e+01      3.82540e-03     -1.07079e-04
   254.2      1.56126e+01      5.20553e-03     -9.31046e-05
   254.3      1.56454e+01      4.26132e-03     -9.10014e-05
   254.4      1.58148e+01      2.41025e-03     -9.18389e-05
   254.5      1.61942e+01      1.20046e-03     -9.32286e-05
   254.6      1.65496e+01      1.40445e-03     -8.94917e-05
   254.7      1.65488e+01      2.25012e-03     -9.85427e-05
   254.8      1.62787e+01      3.09015e-03     -1.15597e-04
   254.9      1.62661e+01      4.25981e-03     -9.06630e-05
   255.0      1.64407e+01      3.13078e-03     -9.29969e-05
   255.1      1.64775e+01      2.50967e-03     -1.10153e-04
   255.2      1.69337e+01      1.71054e-03     -1.02741e-04
   255.3      1.84097e+01     -2.88646e-03     -7.22471e-05
   255.4      2.03819e+01     -1.00170e-02     -5.66549e-05
   255.5      2.15024e+01     -1.18115e-02     -7.58503e-05
   255.6      2.15233e+01     -8.40829e-03     -1.03593e-04
   255.7      2.13298e+01     -4.63157e-03     -1.02790e-04
   255.8      2.14439e+01     -3.85542e-03     -9.48970e-05
   255.9      2.14037e+01     -3.93597e-03     -1.14570e-04
   256.0      2.05688e+01     -5.27640e-04     -1.40687e-04
   256.1      1.92540e+01      5.18192e-03     -1.26077e-04
   256.2      1.79871e+01      8.99421e-03     -1.22171e-04
   256.3      1.70648e+01      1.09971e-02     -1.30157e-04
   256.4      1.64589e+01      1.27164e-02     -1.26297e-04
   256.5      1.59995e+01      1.43517e-02     -1.12760e-04
   256.6      1.56689e+01      1.47158e-02     -1.01868e-04
   256.7      1.58860e+01      1.21505e-02     -7.33853e-05
   256.8      1.73662e+01      4.80343e-03     -3.70611e-05
   256.9      1.90853e+01     -3.73486e-03     -3.93467e-05
   257.0      1.94906e+01     -4.72178e-03     -6.56173e-05
   257.1      1.86974e+01      1.74264e-03     -8.42470e-05
   257.2      1.87103e+01      4.54900e-03     -7.58810e-05
   257.3      2.09851e+01     -2.27429e-03     -1.73359e-05
   257.4      2.41481e+01     -1.45007e-02     -1.45628e-05
   257.5      2.56355e+01     -1.89061e-02     -7.80666e-05
   257.6      2.52055e+01     -1.30800e-02     -1.12118e-04
   257.7      2.37699e+01     -4.00249e-03     -1.21392e-04
   257.8      2.18111e+01      4.17052e-03     -1.60106e-04
   257.9      2.00096e+01      1.22606e-02     -1.41917e-04
   258.0      1.94475e+01      1.39872e-02     -1.14135e-04
   258.1      2.08178e+01      7.45681e-03     -7.40370e-05
   258.2      2.32472e+01     -2.47621e-03     -3.81653e-05
   258.3      2.49959e+01     -7.65492e-03     -4.05639e-05
   258.4      2.52654e+01     -5.38094e-03     -7.38453e-05
   258.5      2.47787e+01     -1.44916e-03     -9.48212e-05
   258.6      2.38618e+01      2.59928e-03     -1.14469e-04
   258.7      2.26483e+01      7.43508e-03     -1.19874e-04
   258.8      2.14428e+01      1.20550e-02     -1.23312e-04
   258.9      2.09318e+01      1.39712e-02     -1.06070e-04
   259.0      2.17664e+01      9.67688e-03     -5.95032e-05
   259.1      2.34941e+01     -3.95110e-04     -3.59536e-05
   259.2      2.43080e+01     -5.81664e-03     -4.98667e-05
   259.3      2.41536e+01     -4.65243e-03     -6.81417e-05
   259.4      2.39394e+01     -3.05487e-03     -8.05067e-05
   259.5      2.42754e+01     -4.22207e-03     -8.49131e-05
   259.6      2.49240e+01     -6.18064e-03     -9.15934e-05
   259.7      2.54434e+01     -6.32036e-03     -1.04916e-04
   259.8      2.60775e+01     -5.49622e-03     -9.50769e-05
   259.9      2.67751e+01     -7.74769e-03     -8.32440e-05
   260.0      2.66865e+01     -6.44504e-03     -8.95955e-05
   260.1      2.59906e+01     -1.76641e-03     -1.00039e-04
   260.2      2.57235e+01      5.41948e-04     -9.69329e-05
   260.3      2.61399e+01     -2.10102e-04     -8.70937e-05
   260.4      2.62766e+01      1.29406e-03     -9.19717e-05
   260.5      2.60619e+01      5.48301e-03     -1.07026e-04
   260.6      2.68305e+01      6.50820e-03     -6.66386e-05
   260.7      2.83006e+01      2.37076e-03     -4.42603e-05
   260.8      2.88220e+01      9.48208e-04     -7.66891e-05
   260.9      2.79807e+01      5.46408e-03     -1.08598e-04
   261.0      2.73342e+01      7.79525e-03     -9.93382e-05
   261.1      2.81753e+01      3.51284e-03     -7.07553e-05
   261.2      3.04700e+01     -4.93452e-03     -3.29557e-05
   261.3      3.30415e+01     -1.37280e-02     -2.09567e-05
   261.4      3.44608e+01     -1.63272e-02     -5.04068e-05
   261.5      3.40895e+01     -1.10746e-02     -1.07798e-04
   261.6      3.24196e+01     -1.62137e-03     -1.36667e-04
   261.7      3.06744e+01      7.08490e-03     -1.03804e-04
   261.8      3.01327e+01      7.94637e-03     -9.88266e-05
   261.9      3.11966e+01      2.53753e-03     -7.18859e-05
   262.0      3.31328e+01     -6.18416e-03     -5.74989e-05
   262.1      3.43762e+01     -9.81465e-03     -8.60473e-05
   262.2      3.43322e+01     -6.60252e-03     -1.13016e-04
   262.3      3.36028e+01     -2.66029e-03     -1.05642e-04
   262.4      3.24670e+01      1.43185e-03     -1.07909e-04
   262.5      3.10212e+01      6.95660e-03     -1.15278e-04
   262.6      3.02951e+01      9.65948e-03     -1.02769e-04
   262.7      3.06491e+01      7.49752e-03     -9.55229e-05
   262.8      3.13179e+01      3.88383e-03     -1.04750e-04
   262.9      3.12054e+01      4.74379e-03     -1.11566e-04
   263.0      3.04620e+01      9.08812e-03     -1.00081e-04
   263.1      3.05698e+01      7.60775e-03     -7.67351e-05
   263.2      3.11292e+01      3.31229e-03     -6.85348e-05
   263.3      3.05842e+01      4.32476e-03     -7.77694e-05
   263.4      2.87196e+01      1.01202e-02     -8.97033e-05
   263.5      2.70321e+01      1.52151e-02     -8.79166e-05
   263.6      2.76487e+01      1.13039e-02     -2.15787e-05
   263.7      3.11940e+01     -5.93706e-03      8.59862e-05
   263.8      3.49406e+01     -2.38872e-02      6.09049e-05
   263.9      3.49450e+01     -2.22124e-02     -4.68808e-05
   264.0      3.30781e+01     -9.05886e-03     -1.03453e-04
   264.1      3.22246e+01     -2.22129e-03     -1.12750e-04
   264.2      3.33605e+01     -4.83502e-03     -7.82079e-05
   264.3      3.56342e+01     -1.05783e-02     -4.78265e-05
   264.4      3.74695e+01     -1.37702e-02     -9.51071e-05
   264.5      3.83173e+01     -1.07580e-02     -1.28664e-04
   264.6      4.01774e+01     -1.14107e-02     -8.05131e-05
   264.7      4.28387e+01     -1.85501e-02     -5.32146e-05
   264.8      4.31749e+01     -1.68018e-02     -1.01853e-04
   264.9      4.10795e+01     -4.83241e-03     -1.63479e-04
   265.0      3.88336e+01      6.34236e-03     -1.86099e-04
   265.1      3.76610e+01      1.15310e-02     -1.77216e-04
   265.2      3.80896e+01      9.05049e-03     -1.20023e-04
   265.3      4.06351e+01     -4.15734e-03     -2.76098e-05
   265.4      4.27087e+01     -1.78708e-02     -4.25639e-05
   265.5      4.17422e+01     -1.46156e-02     -1.04790e-04
   265.6      3.85737e+01      1.68049e-03     -1.36471e-04
   265.7      3.55904e+01      1.56028e-02     -1.49787e-04
   265.8      3.45608e+01      1.91819e-02     -1.28943e-04
   265.9      3.65561e+01      9.78222e-03     -3.01738e-05
   266.0      4.08375e+01     -1.14645e-02      2.19665e-05
   266.1      4.40183e+01     -2.31998e-02     -1.93219e-05
   266.2      4.47838e+01     -2.04789e-02     -9.56277e-05
   266.3      4.48411e+01     -1.34732e-02     -1.35341e-04
   266.4      4.50150e+01     -9.17671e-03     -1.43102e-04
   266.5      4.42208e+01     -4.24209e-03     -1.57580e-04
   266.6      4.21734e+01      4.75956e-03     -1.77014e-04
   266.7      4.06279e+01      1.08094e-02     -1.71888e-04
   266.8      4.15650e+01      6.42228e-03     -8.76358e-05
   266.9      4.58045e+01     -1.26216e-02      4.78151e-05
   267.0      4.93127e+01     -2.91419e-02      2.73087e-05
   267.1      4.83915e+01     -2.34643e-02     -8.57671e-05
   267.2      4.47993e+01     -4.90298e-03     -1.54787e-04
   267.3      4.22927e+01      4.96430e-03     -1.95719e-04
   267.4      4.08369e+01      9.78075e-03     -1.86738e-04
   267.5      4.00580e+01      1.42984e-02     -1.61407e-04
   267.6      4.19230e+01      8.31516e-03     -7.32404e-05
   267.7      4.54784e+01     -7.27743e-03     -4.71422e-05
   267.8      4.67689e+01     -1.16225e-02     -8.21910e-05
   267.9      4.47019e+01      2.97604e-04     -1.27198e-04
   268.0      4.16300e+01      1.41150e-02     -1.59345e-04
   268.1      3.96039e+01      2.05227e-02     -1.48276e-04
   268.2      4.00121e+01      1.56883e-02     -8.45406e-05
   268.3      4.41846e+01     -2.98808e-03      8.66051e-05
   268.4      5.04576e+01     -2.98047e-02      1.58933e-04
   268.5      5.63084e+01     -4.87320e-02      1.60831e-04
   268.6      6.01273e+01     -5.61007e-02      1.13707e-04
   268.7      6.01326e+01     -4.74910e-02      8.89492e-06
   268.8      5.59003e+01     -2.14044e-02     -1.12026e-04
   268.9      5.03012e+01      4.81936e-03     -2.15507e-04
   269.0      4.61463e+01      2.03211e-02     -2.54286e-04
   269.1      4.45804e+01      2.37079e-02     -2.27641e-04
   269.2      4.56038e+01      2.00505e-02     -1.55142e-04
   269.3      4.87642e+01      7.34098e-03     -8.39761e-05
   269.4      5.08490e+01     -2.54094e-03     -8.37565e-05
   269.5      4.91125e+01      4.46226e-03     -1.33995e-04
   269.6      4.54220e+01      1.91385e-02     -1.56664e-04
   269.7      4.38603e+01      2.06378e-02     -1.34691e-04
   269.8      4.52140e+01      8.01816e-03     -6.41519e-05
   269.9      4.74293e+01     -7.07589e-03     -6.39325e-05
   270.0      4.97480e+01     -1.69621e-02     -6.75047e-05
   270.1      5.27276e+01     -2.77715e-02     -4.20691e-05
   270.2      5.50608e+01     -3.69854e-02     -7.08108e-05
   270.3      5.47145e+01     -3.35219e-02     -1.43187e-04
   270.4      5.21773e+01     -1.95052e-02     -1.88878e-04
   270.5      5.02324e+01     -1.07048e-02     -2.23457e-04
   270.6      5.04784e+01     -1.11474e-02     -1.75597e-04
   270.7      5.11064e+01     -1.21284e-02     -1.84618e-04
   270.8      4.96410e+01     -5.43546e-04     -2.26576e-04
   270.9      4.74432e+01      1.45739e-02     -2.36539e-04
   271.0      4.76190e+01      1.41524e-02     -1.58637e-04
   271.1      5.07966e+01     -4.79261e-03     -5.71598e-05
   271.2      5.44307e+01     -2.43150e-02     -5.29941e-05
   271.3      5.59276e+01     -2.79401e-02     -1.16532e-04
   271.4      5.56704e+01     -2.20959e-02     -1.44852e-04
   271.5      5.61628e+01     -2.00068e-02     -1.11602e-04
   271.6      5.74687e+01     -2.41776e-02     -1.20312e-04
   271.7      5.85381e+01     -2.60779e-02     -1.38073e-04
   271.8      5.95255e+01     -2.61490e-02     -1.37878e-04
   271.9      6.03635e+01     -2.49340e-02     -1.60203e-04
   272.0      6.03754e+01     -1.96190e-02     -2.04144e-04
   272.1      5.98283e+01     -1.32817e-02     -2.13974e-04
   272.2      5.97401e+01     -9.39067e-03     -1.74609e-04
   272.3      6.10343e+01     -1.34486e-02     -1.08239e-04
   272.4      6.15096e+01     -1.38125e-02     -1.36782e-04
   272.5      6.02832e+01     -4.02752e-03     -1.92670e-04
   272.6      5.95918e+01      2.22761e-03     -1.93709e-04
   272.7      6.07791e+01     -2.65614e-03     -1.48886e-04
   272.8      6.19972e+01     -8.67833e-03     -1.20572e-04
   272.9      6.15705e+01     -7.92337e-03     -1.36208e-04
   273.0      6.06748e+01     -4.81461e-03     -1.47508e-04
   273.1      5.98905e+01     -2.68452e-03     -1.48076e-04
   273.2      5.99514e+01     -3.64071e-03     -1.41020e-04
   273.3      6.25238e+01     -1.04499e-02     -3.06278e-05
   273.4      6.79048e+01     -2.71149e-02      1.14619e-04
   273.5      7.25176e+01     -4.06102e-02      1.34782e-04
   273.6      7.28105e+01     -3.31678e-02      1.36362e-05
   273.7      7.01465e+01     -1.24722e-02     -1.09520e-04
   273.8      6.81367e+01     -1.67760e-03     -1.51038e-04
   273.9      6.62796e+01      1.97794e-03     -1.74197e-04
   274.0      6.23668e+01      1.29244e-02     -1.95321e-04
   274.1      5.71527e+01      2.65982e-02     -2.06113e-04
   274.2      5.31319e+01      3.37443e-02     -2.02567e-04
   274.3      5.18369e+01      3.12191e-02     -1.71208e-04
   274.4      5.34414e+01      1.93971e-02     -9.94984e-05
   274.5      5.72364e+01      4.16342e-04     -1.50933e-05
   274.6      6.19673e+01     -2.17488e-02      5.25267e-05
   274.7      6.61330e+01     -4.03825e-02      9.41870e-05
   274.8      6.82892e+01     -4.50291e-02      4.03590e-05
   274.9      6.83388e+01     -3.76713e-02     -4.42997e-05
   275.0      6.73566e+01     -2.69126e-02     -1.26194e-04
   275.1      6.73989e+01     -2.31778e-02     -1.28583e-04
   275.2      6.80462e+01     -2.28785e-02     -1.22869e-04
   275.3      6.76941e+01     -1.53735e-02     -1.61611e-04
   275.4      6.70370e+01     -5.97235e-03     -1.65963e-04
   275.5      6.68121e+01     -3.27104e-03     -1.32358e-04
   275.6      6.49386e+01      4.65542e-03     -1.58530e-04
   275.7      6.27985e+01      1.21734e-02     -1.78615e-04
   275.8      6.32746e+01      6.25668e-03     -1.35705e-04
   275.9      6.35131e+01      3.75848e-04     -1.29967e-04
   276.0      6.16773e+01      3.01998e-03     -1.31411e-04
   276.1      5.98840e+01      4.62300e-03     -1.00642e-04
   276.2      6.00056e+01     -4.21720e-04     -8.31334e-05
   276.3      6.26228e+01     -1.16791e-02     -4.92625e-06
   276.4      6.79757e+01     -3.27944e-02      1.80427e-04
   276.5      7.33676e+01     -5.43741e-02      2.00964e-04
   276.6      7.47078e+01     -5.17008e-02      7.94960e-05
   276.7      7.30138e+01     -3.22769e-02     -1.82556e-05
   276.8      7.03584e+01     -1.02720e-02     -1.19914e-04
   276.9      6.74151e+01      9.69192e-03     -1.96081e-04
   277.0      6.58970e+01      2.04680e-02     -1.76177e-04
   277.1      6.83904e+01      9.12833e-03      4.68623e-06
   277.2      7.31485e+01     -1.41969e-02      1.60879e-04
   277.3      7.41639e+01     -1.49224e-02      6.50317e-05
   277.4      7.01567e+01      1.00661e-02     -5.47623e-05
   277.5      6.63814e+01      2.33006e-02     -1.20262e-04
   277.6      6.45128e+01      2.41954e-02     -1.18616e-04
   277.7      6.62390e+01      1.09572e-02      5.44607e-05
   277.8      7.17440e+01     -1.73553e-02      2.86136e-04
   277.9      7.75218e+01     -4.32436e-02      3.57914e-04
   278.0      8.08497e+01     -5.33070e-02      3.00640e-04
   278.1      8.17262e+01     -5.05245e-02      2.42147e-04
   278.2      8.02116e+01     -3.71194e-02      1.46387e-04
   278.3      7.61041e+01     -1.24139e-02     -5.31003e-07
   278.4      7.07702e+01      1.15916e-02     -9.24003e-05
   278.5      6.60435e+01      2.79448e-02     -1.24228e-04
   278.6      6.18189e+01      4.32569e-02     -1.49990e-04
   278.7      6.00278e+01      5.14538e-02     -1.06580e-04
   278.8      6.39889e+01      3.48330e-02      1.76280e-04
   278.9      7.32960e+01     -5.74664e-03      5.13144e-04
   279.0      8.24605e+01     -4.24739e-02      6.18159e-04
   279.1      8.51714e+01     -4.69447e-02      4.97783e-04
   279.2      8.02478e+01     -1.98615e-02      2.66683e-04
   279.3      7.26577e+01      1.24385e-02      4.63153e-05
   279.4      6.59345e+01      3.52180e-02     -4.93377e-05
   279.5      6.15777e+01      4.66143e-02     -5.58512e-05
   279.6      6.36171e+01      3.56370e-02      2.14489e-04
   279.7      7.45341e+01     -1.04794e-02      9.06586e-04
   279.8      8.77383e+01     -6.88300e-02      1.24700e-03
   279.9      9.32604e+01     -8.35760e-02      9.64557e-04
   280.0      9.00269e+01     -4.83840e-02      5.41299e-04
   280.1      8.51913e+01     -1.41821e-02      2.18549e-04
   280.2      8.24383e+01      6.24440e-03      1.53456e-04
   280.3      8.01282e+01      2.43171e-02      1.06790e-04
   280.4      7.65440e+01      4.55669e-02      3.26786e-05
   280.5      7.39139e+01      5.38034e-02      2.14074e-06
   280.6      7.28658e+01      4.75319e-02      2.93118e-05
   280.7      7.20075e+01      4.13814e-02      8.39384e-05
   280.8      6.95653e+01      4.24573e-02      8.06648e-05
   280.9      6.63911e+01      4.55836e-02      5.29556e-05
   281.0      6.59623e+01      3.82202e-02      1.24867e-04
   281.1      6.94890e+01      1.52808e-02      2.37949e-04
   281.2      7.36423e+01     -4.24455e-03      2.40196e-04
   281.3      7.62072e+01     -1.25562e-02      2.14383e-04
   281.4      8.03018e+01     -2.79399e-02      3.83410e-04
   281.5      8.61936e+01     -5.28651e-02      5.76400e-04
   281.6      8.92981e+01     -5.80824e-02      5.25541e-04
   281.7      8.92246e+01     -4.58427e-02      3.65927e-04
   281.8      8.94758e+01     -3.96214e-02      3.34754e-04
   281.9      8.95347e+01     -3.35210e-02      2.86104e-04
   282.0      8.70256e+01     -1.56811e-02      8.37674e-05
   282.1      8.36767e+01     -2.63169e-03     -4.09956e-05
   282.2      7.98468e+01      5.57919e-03     -1.17144e-04
   282.3      7.46924e+01      1.95398e-02     -2.46967e-04
   282.4      6.96100e+01      3.09408e-02     -3.47801e-04
   282.5      6.72121e+01      2.71738e-02     -3.46263e-04
   282.6      6.67784e+01      1.51262e-02     -3.20435e-04
   282.7      6.57459e+01      1.08871e-02     -3.45882e-04
   282.8      6.33376e+01      1.55898e-02     -3.65577e-04
   282.9      6.09891e+01      1.96814e-02     -3.83372e-04
   283.0      6.25851e+01      1.25070e-02     -1.68345e-04
   283.1      7.24153e+01     -2.51522e-02      5.43513e-04
   283.2      8.65618e+01     -9.05998e-02      8.92994e-04
   283.3      9.36994e+01     -1.12649e-01      5.79439e-04
   283.4      9.22783e+01     -8.48119e-02      1.96333e-04
   283.5      8.88415e+01     -5.71194e-02     -5.54124e-05
   283.6      8.59280e+01     -4.13919e-02     -2.02504e-04
   283.7      8.25237e+01     -2.53284e-02     -3.38031e-04
   283.8      7.94580e+01     -1.12637e-02     -4.28750e-04
   283.9      7.70834e+01     -4.42193e-03     -4.51805e-04
   284.0      7.36623e+01      2.83913e-03     -4.96544e-04
   284.1      6.98206e+01      1.31369e-02     -5.47215e-04
   284.2      6.80977e+01      1.46943e-02     -5.44671e-04
   284.3      6.93124e+01      2.53379e-03     -4.27916e-04
   284.4      7.26705e+01     -1.89858e-02     -3.11194e-04
   284.5      7.40712e+01     -2.65171e-02     -3.43714e-04
   284.6      7.34155e+01     -2.04298e-02     -4.28613e-04
   284.7      7.45259e+01     -2.35177e-02     -3.45968e-04
   284.8      7.86583e+01     -4.04623e-02     -1.76135e-04
   284.9      8.24150e+01     -4.93803e-02     -1.51812e-04
   285.0      8.40096e+01     -4.25679e-02     -1.82131e-04
   285.1      8.74514e+01     -4.51453e-02      7.56947e-05
   285.2      9.50863e+01     -6.84276e-02      5.91717e-04
   285.3      1.01108e+02     -8.26888e-02      7.59674e-04
   285.4      1.00397e+02     -6.31113e-02      5.12068e-04
   285.5      9.50367e+01     -3.14226e-02      1.23148e-04
   285.6      8.89747e+01     -7.02973e-03     -1.75888e-04
   285.7      8.38112e+01      9.17930e-03     -3.67273e-04
   285.8      8.04373e+01      1.78477e-02     -4.60959e-04
   285.9      7.78091e+01      2.24196e-02     -4.81330e-04
   286.0      7.38910e+01      2.70616e-02     -4.88609e-04
   286.1      6.98189e+01      2.59422e-02     -4.76465e-04
   286.2      6.72773e+01      1.81284e-02     -4.37610e-04
   286.3      6.47872e+01      1.62098e-02     -4.33965e-04
   286.4      6.33383e+01      1.70797e-02     -4.54012e-04
   286.5      6.64345e+01      8.15695e-03     -2.37910e-04
   286.6      7.59505e+01     -2.39374e-02      2.45458e-04
   286.7      8.82671e+01     -6.76373e-02      6.46678e-04
   286.8      9.69957e+01     -9.10063e-02      7.14589e-04
   286.9      9.95472e+01     -8.61843e-02      5.88393e-04
   287.0      9.85461e+01     -7.32345e-02      4.55802e-04
   287.1      9.66380e+01     -6.05224e-02      2.88910e-04
   287.2      9.30666e+01     -3.86206e-02      3.47611e-05
   287.3      8.78138e+01     -1.07544e-02     -2.69338e-04
   287.4      8.49778e+01      3.51861e-03     -4.04829e-04
   287.5      8.38494e+01      1.01759e-02     -4.39872e-04
   287.6      8.14365e+01      1.83064e-02     -4.94160e-04
   287.7      7.79171e+01      2.27944e-02     -5.50379e-04
   287.8      7.52177e+01      1.89305e-02     -5.67181e-04
   287.9      7.31386e+01      1.37778e-02     -5.83585e-04
   288.0      7.10938e+01      8.32548e-03     -5.79208e-04
   288.1      6.97943e+01     -2.10195e-03     -5.32200e-04
   288.2      6.85865e+01     -7.64874e-03     -5.41769e-04
   288.3      6.66926e+01     -2.07987e-03     -5.62460e-04
   288.4      6.72386e+01     -3.34478e-05     -4.98287e-04
   288.5      7.11361e+01     -7.54746e-03     -4.43723e-04
   288.6      7.76780e+01     -2.59421e-02     -1.39945e-04
   288.7      8.77169e+01     -6.39383e-02      4.03547e-04
   288.8      9.75021e+01     -9.87058e-02      7.28716e-04
   288.9      1.01107e+02     -9.75348e-02      6.25038e-04
   289.0      9.77243e+01     -6.94904e-02      2.57459e-04
   289.1      9.16933e+01     -4.27660e-02     -1.20041e-04
   289.2      8.52705e+01     -1.77113e-02     -3.63331e-04
   289.3      7.70782e+01      1.19110e-02     -5.44773e-04
   289.4      6.93951e+01      3.38464e-02     -7.04318e-04
   289.5      6.54342e+01      4.36786e-02     -7.34844e-04
   289.6      6.46585e+01      4.03568e-02     -6.56032e-04
   289.7      6.68899e+01      2.13845e-02     -5.14864e-04
   289.8      6.95017e+01      2.88956e-03     -4.70047e-04
   289.9      7.11847e+01     -5.17569e-03     -5.11992e-04
   290.0      7.43249e+01     -1.74535e-02     -3.62789e-04
   290.1      8.01964e+01     -4.67555e-02     -3.08338e-05
   290.2      8.42600e+01     -7.08733e-02      6.16865e-05
   290.3      8.26427e+01     -6.24158e-02     -1.83972e-04
   290.4      8.02530e+01     -4.09796e-02     -3.59745e-04
   290.5      8.14521e+01     -3.34299e-02     -3.09298e-04
   290.6      8.65529e+01     -4.35842e-02     -4.05067e-05
   290.7      9.44548e+01     -6.86980e-02      4.50385e-04
   290.8      9.78071e+01     -7.31748e-02      5.02227e-04
   290.9      9.22529e+01     -3.95190e-02      7.53443e-05
   291.0      8.36314e+01     -1.28155e-03     -3.17214e-04
   291.1      7.74246e+01      1.74429e-02     -4.25352e-04
   291.2      7.25425e+01      2.63077e-02     -3.88731e-04
   291.3      6.73699e+01      3.50570e-02     -3.47806e-04
   291.4      6.24738e+01      4.41404e-02     -3.03148e-04
   291.5      5.83996e+01      5.05721e-02     -2.77624e-04
   291.6      5.67693e+01      5.02908e-02     -2.31988e-04
   291.7      5.96697e+01      3.34418e-02     -1.21971e-04
   291.8      6.69149e+01      2.21024e-03     -1.51295e-05
   291.9      7.43231e+01     -2.74388e-02     -7.38877e-05
   292.0      7.75246e+01     -3.42835e-02     -2.26029e-04
   292.1      8.00267e+01     -3.86760e-02     -1.36310e-04
   292.2      8.63098e+01     -6.42685e-02      2.04406e-04
   292.3      9.28498e+01     -9.16544e-02      3.91116e-04
   292.4      9.52666e+01     -9.78466e-02      3.30379e-04
   292.5      9.52688e+01     -8.99064e-02      2.80709e-04
   292.6      9.29875e+01     -7.28328e-02      1.03037e-04
   292.7      8.79584e+01     -4.38754e-02     -1.86307e-04
   292.8      8.23551e+01     -1.29392e-02     -3.77556e-04
   292.9      7.61036e+01      1.70531e-02     -4.30933e-04
   293.0      6.99206e+01      3.88087e-02     -4.20314e-04
   293.1      6.43253e+01      5.02154e-02     -3.58717e-04
   293.2      5.89600e+01      5.69906e-02     -2.76068e-04
   293.3      5.41719e+01      6.38624e-02     -2.18635e-04
   293.4      5.14551e+01      6.51305e-02     -1.69181e-04
   293.5      5.17723e+01      5.67000e-02     -1.26852e-04
   293.6      5.44952e+01      4.82802e-02     -1.44437e-04
   293.7      5.99937e+01      3.31270e-02     -3.69821e-05
   293.8      7.17152e+01     -8.21316e-03      5.31334e-04
   293.9      8.57056e+01     -6.68290e-02      8.57201e-04
   294.0      9.29218e+01     -8.92197e-02      7.07781e-04
   294.1      9.24684e+01     -7.32869e-02      3.78678e-04
   294.2      8.90660e+01     -5.20344e-02      8.72462e-05
   294.3      8.78816e+01     -4.93357e-02     -7.53614e-06
   294.4      9.01526e+01     -6.02054e-02      1.37125e-04
   294.5      9.29387e+01     -6.51117e-02      2.86817e-04
   294.6      9.24857e+01     -5.29085e-02      1.92670e-04
   294.7      8.61720e+01     -2.13983e-02     -7.59357e-05
   294.8      7.59251e+01      1.65624e-02     -2.76252e-04
   294.9      6.70460e+01      4.13018e-02     -3.43016e-04
   295.0      6.05299e+01      5.14048e-02     -3.32319e-04
   295.1      5.52695e+01      6.00119e-02     -2.64467e-04
   295.2      5.02261e+01      7.11824e-02     -1.98966e-04
   295.3      4.58067e+01      8.21388e-02     -1.52698e-04
   295.4      4.32663e+01      8.86125e-02     -1.15523e-04
   295.5      4.30963e+01      8.67235e-02     -6.84447e-05
   295.6      4.52545e+01      7.64256e-02      1.86880e-05
   295.7      5.07401e+01      5.67459e-02      1.74573e-04
   295.8      6.08416e+01      1.91070e-02      4.28953e-04
   295.9      7.41389e+01     -3.47706e-02      7.17094e-04
   296.0      8.63632e+01     -7.77898e-02      9.11989e-04
   296.1      9.44696e+01     -1.00608e-01      1.13843e-03
   296.2      9.95762e+01     -1.11273e-01      1.40217e-03
   296.3      9.97869e+01     -9.91292e-02      1.24937e-03
   296.4      9.32927e+01     -6.58280e-02      7.11607e-04
   296.5      8.27789e+01     -2.30970e-02      2.27786e-04
   296.6      7.22624e+01      1.67638e-02     -4.34118e-05
   296.7      6.36852e+01      4.33855e-02     -1.73908e-04
   296.8      5.77758e+01      5.41085e-02     -1.97073e-04
   296.9      5.43830e+01      4.98415e-02     -1.73598e-04
   297.0      5.14132e+01      4.47937e-02     -9.33833e-05
   297.1      4.59683e+01      5.44323e-02     -3.04086e-05
   297.2      3.98403e+01      6.93080e-02     -2.24564e-05
   297.3      3.52202e+01      7.69822e-02     -3.11816e-05
   297.4      3.23126e+01      8.14536e-02     -1.66173e-05
   297.5      3.18119e+01      8.28065e-02      3.38065e-05
   297.6      3.47162e+01      7.73780e-02      8.65594e-05
   297.7      4.10698e+01      6.27071e-02      2.33265e-04
   297.8      5.22156e+01      3.14596e-02      7.96780e-04
   297.9      6.97865e+01     -2.84945e-02      1.61092e-03
   298.0      8.80193e+01     -1.02422e-01      1.85147e-03
   298.1      9.63528e+01     -1.29108e-01      1.62520e-03
   298.2      9.52157e+01     -1.09629e-01      1.13585e-03
   298.3      9.12916e+01     -8.13730e-02      7.12296e-04
   298.4      8.75704e+01     -5.71192e-02      4.77407e-04
   298.5      8.22592e+01     -2.96651e-02      3.19123e-04
   298.6      7.41676e+01      1.37198e-03      1.84646e-04
   298.7      6.49539e+01      2.79830e-02      5.54628e-05
   298.8      5.66229e+01      4.48802e-02     -4.08314e-05
   298.9      4.97623e+01      5.29468e-02     -6.48651e-05
   299.0      4.41567e+01      5.60955e-02     -7.35286e-05
   299.1      3.93691e+01      5.88645e-02     -8.29419e-05
   299.2      3.51998e+01      6.40569e-02     -5.79931e-05
   299.3      3.15580e+01      6.83822e-02     -4.61684e-05
   299.4      2.93276e+01      7.02362e-02     -1.11719e-05
   299.5      2.88345e+01      6.62344e-02      1.96123e-05
   299.6      2.95227e+01      6.55355e-02      3.48862e-05
   299.7      3.11421e+01      7.04481e-02      1.51199e-05
   299.8      3.59711e+01      7.18861e-02      2.40047e-04
   299.9      4.89337e+01      5.32661e-02      1.31323e-03
   300.0      7.25761e+01     -1.33468e-02      3.11571e-03
   300.1      9.62785e+01     -1.01556e-01      4.07185e-03
   300.2      1.02211e+02     -1.16521e-01      3.08145e-03
   300.3      9.39570e+01     -7.38309e-02      1.65082e-03
   300.4      8.39220e+01     -3.88294e-02      8.82545e-04
   300.5      7.40564e+01     -1.11582e-02      5.29960e-04
   300.6      6.45240e+01      1.31318e-02      2.52153e-04
   300.7      5.58508e+01      3.52242e-02      4.65226e-05
   300.8      4.83287e+01      5.24730e-02     -6.39434e-05
   300.9      4.24078e+01      6.27098e-02     -1.02587e-04
   301.0      3.78440e+01      6.65536e-02     -9.29088e-05
   301.1      3.37663e+01      6.67283e-02     -6.45737e-05
   301.2      2.99113e+01      6.66091e-02     -3.66575e-05
   301.3      2.65209e+01      6.69684e-02     -1.89884e-05
   301.4      2.39559e+01      6.79159e-02     -2.09114e-05
   301.5      2.23527e+01      6.90612e-02     -9.77653e-06
   301.6      2.24759e+01      7.16228e-02      2.66312e-05
   301.7      2.58223e+01      7.36958e-02      1.22153e-04
   301.8      3.29254e+01      6.56340e-02      3.14936e-04
   301.9      4.49539e+01      3.83365e-02      8.72089e-04
   302.0      6.18525e+01     -1.64951e-02      1.56095e-03
   302.1      7.79931e+01     -8.21897e-02      1.81620e-03
   302.2      8.63583e+01     -1.13280e-01      1.58947e-03
   302.3      8.61288e+01     -9.73520e-02      1.20046e-03
   302.4      8.09898e+01     -7.04661e-02      8.15704e-04
   302.5      7.32473e+01     -3.90846e-02      5.49685e-04
   302.6      6.36241e+01     -2.12169e-03      2.52609e-04
   302.7      5.43533e+01      2.55979e-02      1.66411e-05
   302.8      4.66501e+01      4.00765e-02     -6.95496e-05
   302.9      4.04412e+01      4.69942e-02     -8.45089e-05
   303.0      3.50975e+01      5.13304e-02     -7.75066e-05
   303.1      3.04710e+01      5.44914e-02     -8.20557e-05
   303.2      2.67716e+01      5.72717e-02     -8.73189e-05
   303.3      2.40088e+01      5.93404e-02     -7.54736e-05
   303.4      2.20481e+01      6.05324e-02     -6.21750e-05
   303.5      2.09795e+01      6.15885e-02     -3.05319e-05
   303.6      2.10465e+01      6.00902e-02      1.22370e-05
   303.7      2.20164e+01      5.85804e-02      2.57860e-05
   303.8      2.36453e+01      6.12877e-02      2.20751e-05
   303.9      2.66566e+01      6.35359e-02      7.53060e-05
   304.0      3.36632e+01      5.29996e-02      3.44464e-04
   304.1      4.61277e+01      1.87540e-02      1.14179e-03
   304.2      6.39491e+01     -4.22754e-02      2.24221e-03
   304.3      7.61682e+01     -8.47324e-02      2.18855e-03
   304.4      7.47800e+01     -7.47092e-02      1.19846e-03
   304.5      6.70648e+01     -4.38573e-02      6.92513e-04
   304.6      5.96494e+01     -1.92074e-02      3.99924e-04
   304.7      5.13916e+01      7.90460e-03      2.19979e-04
   304.8      4.33824e+01      2.87429e-02      4.71537e-05
   304.9      3.69651e+01      4.01131e-02     -3.08115e-05
   305.0      3.21400e+01      4.31221e-02     -6.28995e-05
   305.1      2.82525e+01      4.42487e-02     -5.44624e-05
   305.2      2.48513e+01      4.57356e-02     -7.42938e-05
   305.3      2.18415e+01      4.80029e-02     -8.50466e-05
   305.4      1.92979e+01      4.99213e-02     -6.72848e-05
   305.5      1.74828e+01      5.05132e-02     -4.32690e-05
   305.6      1.68162e+01      5.02098e-02     -7.34842e-06
   305.7      1.72520e+01      4.89230e-02      1.83025e-05
   305.8      1.83901e+01      4.69770e-02      1.90870e-05
   305.9      2.10337e+01      4.41086e-02      7.15480e-05
   306.0      2.63321e+01      3.40127e-02      2.27129e-04
   306.1      3.33559e+01      1.34730e-02      3.28145e-04
   306.2      4.06589e+01     -1.14300e-02      3.93349e-04
   306.3      4.80989e+01     -3.44852e-02      5.03517e-04
   306.4      5.60203e+01     -6.01510e-02      7.18119e-04
   306.5      6.21801e+01     -8.03385e-02      8.53929e-04
   306.6      6.19547e+01     -7.05707e-02      7.14669e-04
   306.7      5.49559e+01     -3.47626e-02      3.97960e-04
   306.8      4.60465e+01     -2.95184e-03      1.28127e-04
   306.9      3.85770e+01      1.63570e-02     -1.72977e-05
   307.0      3.30535e+01      2.66500e-02     -6.98441e-05
   307.1      2.91400e+01      2.91885e-02     -6.87379e-05
   307.2      2.64383e+01      2.92682e-02     -7.59712e-05
   307.3      2.35478e+01      3.28169e-02     -9.93687e-05
   307.4      2.08417e+01      3.74718e-02     -9.66811e-05
   307.5      1.91390e+01      3.64199e-02     -8.40312e-05
   307.6      1.84865e+01      3.18639e-02     -4.51427e-05
   307.7      1.84853e+01      2.74581e-02     -8.85617e-06
   307.8      1.85963e+01      2.52386e-02     -1.67527e-05
   307.9      1.83936e+01      2.72657e-02     -2.54367e-05
   308.0      1.82868e+01      2.95677e-02     -1.21900e-05
   308.1      1.98529e+01      2.58624e-02      1.26363e-05
   308.2      2.34742e+01      1.95597e-02      8.32803e-05
   308.3      2.61559e+01      1.47017e-02      6.04902e-05
   308.4      2.98786e+01      4.81553e-03      1.65125e-04
   308.5      3.79627e+01     -2.09948e-02      4.41327e-04
   308.6      4.77938e+01     -5.67629e-02      5.84917e-04
   308.7      5.18815e+01     -6.72901e-02      4.14524e-04
   308.8      4.85000e+01     -4.69492e-02      1.68318e-04
   308.9      4.21086e+01     -1.87959e-02      2.37247e-05
   309.0      3.57490e+01      3.75394e-03     -5.65204e-05
   309.1      3.00402e+01      1.82025e-02     -8.22918e-05
   309.2      2.57090e+01      2.38767e-02     -7.11430e-05
   309.3      2.23823e+01      2.60253e-02     -7.73371e-05
   309.4      1.95924e+01      2.81547e-02     -8.09674e-05
   309.5      1.73693e+01      2.88031e-02     -9.24341e-05
   309.6      1.62279e+01      2.59970e-02     -8.79111e-05
   309.7      1.63172e+01      2.04106e-02     -6.23698e-05
   309.8      1.67742e+01      1.59678e-02     -6.17247e-05
   309.9      1.67906e+01      1.74808e-02     -1.03877e-04
   310.0      1.67113e+01      2.00166e-02     -1.34324e-04
   310.1      1.74518e+01      1.63186e-02     -1.44277e-04
   310.2      1.87658e+01      1.16835e-02     -1.79777e-04
   310.3      1.95918e+01      1.07116e-02     -2.55528e-04
   310.4      2.00281e+01      6.58835e-03     -3.33349e-04
   310.5      2.18442e+01     -5.19426e-03     -3.57930e-04
   310.6      2.69948e+01     -3.28962e-02     -3.50438e-04
   310.7      3.29825e+01     -6.32056e-02     -3.06764e-04
   310.8      3.51871e+01     -6.28772e-02     -2.94906e-04
   310.9      3.20190e+01     -3.94457e-02     -3.33243e-04
   311.0      2.81691e+01     -2.01894e-02     -3.18616e-04
   311.1      2.61309e+01     -1.00846e-02     -2.58851e-04
   311.2      2.43655e+01     -1.66042e-03     -1.62009e-04
   311.3      2.22056e+01      5.66101e-03     -5.55085e-05
   311.4      1.98149e+01      1.24735e-02     -4.23424e-06
   311.5      1.69939e+01      1.97899e-02      3.17114e-06
   311.6      1.44934e+01      2.31685e-02     -4.75671e-06
   311.7      1.28377e+01      2.35434e-02     -3.27385e-05
   311.8      1.19647e+01      2.28049e-02     -2.23289e-05
   311.9      1.18489e+01      1.96007e-02     -2.01781e-05
   312.0      1.25934e+01      1.31662e-02     -2.72845e-05
   312.1      1.34101e+01      6.26260e-03     -3.69120e-05
   312.2      1.35005e+01      3.07861e-03     -9.43691e-05
   312.3      1.31515e+01      5.04435e-03     -1.12011e-04
   312.4      1.30149e+01      5.83237e-03     -1.26223e-04
   312.5      1.35699e+01      4.95782e-03     -1.10280e-04
   312.6      1.45882e+01      2.48168e-03     -1.17017e-04
   312.7      1.51311e+01      4.81098e-03     -1.45001e-04
   312.8      1.56903e+01      1.47590e-02     -6.49496e-05
   312.9      1.80005e+01      5.58241e-03     -1.00128e-04
   313.0      2.12698e+01     -9.44733e-03     -7.94547e-05
   313.1      2.39212e+01     -2.29443e-02     -9.39876e-05
   313.2      2.41065e+01     -2.30960e-02     -1.44584e-04
   313.3      2.19830e+01     -1.29968e-02     -1.54772e-04
   313.4      1.92165e+01     -2.74080e-03     -1.61018e-04
   313.5      1.64215e+01      6.48061e-03     -1.52450e-04
   313.6      1.39723e+01      1.24289e-02     -1.32412e-04
   313.7      1.24058e+01      1.30486e-02     -1.07259e-04
   313.8      1.18526e+01      1.01744e-02     -8.10228e-05
   313.9      1.16328e+01      7.47798e-03     -7.61520e-05
   314.0      1.07494e+01      9.60668e-03     -7.42027e-05
   314.1      9.57594e+00      1.31476e-02     -6.97213e-05
   314.2      8.65605e+00      1.51177e-02     -5.81539e-05
   314.3      8.25587e+00      1.47070e-02     -5.09229e-05
   314.4      8.47209e+00      1.21835e-02     -4.35899e-05
   314.5      9.25024e+00      8.11630e-03     -3.72837e-05
   314.6      1.02189e+01      4.19321e-03     -4.19146e-05
   314.7      1.09279e+01      2.39511e-03     -4.96023e-05
   314.8      1.13163e+01      2.43543e-03     -5.67104e-05
   314.9      1.11362e+01      5.05944e-03     -6.74664e-05
   315.0      1.07753e+01      7.88383e-03     -7.23767e-05
   315.1      1.10975e+01      6.87665e-03     -6.20982e-05
   315.2      1.23486e+01      1.50139e-03     -5.34272e-05
   315.3      1.34610e+01     -3.30519e-03     -5.73260e-05
   315.4      1.33852e+01     -3.47781e-03     -6.67367e-05
   315.5      1.26495e+01     -1.44973e-03     -7.35138e-05
   315.6      1.24391e+01     -1.75361e-03     -6.60799e-05
   315.7      1.29967e+01     -6.27743e-03     -6.37260e-05
   315.8      1.30644e+01     -8.07872e-03     -6.73428e-05
   315.9      1.19681e+01     -4.37047e-03     -8.45071e-05
   316.0      1.03079e+01      2.07809e-03     -8.92627e-05
   316.1      8.88382e+00      7.50749e-03     -7.68941e-05
   316.2      7.90428e+00      1.06077e-02     -6.71728e-05
   316.3      7.27024e+00      1.21310e-02     -5.66214e-05
   316.4      6.97735e+00      1.19978e-02     -4.83462e-05
   316.5      7.06980e+00      9.71049e-03     -3.63871e-05
   316.6      7.66182e+00      5.31097e-03     -2.77496e-05
   316.7      8.31703e+00      1.52936e-03     -2.90037e-05
   316.8      8.60949e+00     -2.56509e-04     -3.62644e-05
   316.9      8.58006e+00     -2.71167e-04     -4.07644e-05
   317.0      8.55275e+00      1.93863e-04     -4.01702e-05
   317.1      8.78248e+00     -6.65776e-04     -3.69928e-05
   317.2      9.19096e+00     -2.43634e-03     -3.37997e-05
   317.3      9.20683e+00     -2.30794e-03     -4.30987e-05
   317.4      8.62807e+00      1.86930e-03     -5.06115e-05
   317.5      7.89894e+00      6.58995e-03     -4.91370e-05
   317.6      7.44351e+00      9.40260e-03     -3.99047e-05
   317.7      7.32998e+00      1.03878e-02     -3.41696e-05
   317.8      7.39594e+00      1.00214e-02     -3.31290e-05
   317.9      7.64138e+00      7.42480e-03     -2.64073e-05
   318.0      8.28670e+00      1.48172e-03     -1.97697e-05
   318.1      9.00494e+00     -4.40964e-03     -2.30735e-05
   318.2      8.90223e+00     -5.56571e-03     -3.68049e-05
   318.3      8.12279e+00     -3.06658e-03     -3.78800e-05
   318.4      7.29122e+00     -8.32716e-04     -3.12672e-05
   318.5      6.51810e+00      1.26364e-03     -2.84875e-05
   318.6      5.68438e+00      4.34013e-03     -2.86651e-05
   318.7      4.89041e+00      7.23115e-03     -2.64148e-05
   318.8      4.26930e+00      9.17509e-03     -1.99197e-05
   318.9      3.90945e+00      1.02864e-02     -1.41533e-05
   319.0      3.85696e+00      1.09531e-02     -1.20463e-05
   319.1      3.96498e+00      1.07283e-02     -1.13451e-05
   319.2      4.06635e+00      9.84625e-03     -8.01054e-06
   319.3      4.24591e+00      8.55383e-03     -7.84348e-06
   319.4      4.64475e+00      6.47448e-03     -5.80646e-06
   319.5      5.23368e+00      3.21790e-03     -1.66414e-06
   319.6      5.74157e+00     -4.03786e-05     -5.34936e-06
   319.7      5.87785e+00     -1.21822e-03     -5.53919e-06
   319.8      5.86096e+00     -1.15729e-03     -6.48828e-06
   319.9      5.64035e+00      2.26491e-04     -8.16600e-06
   320.0      5.15552e+00      2.63721e-03     -9.60496e-06
   320.1      4.57649e+00      5.09371e-03     -3.87202e-06
   320.2      4.04775e+00      6.61762e-03     -6.04996e-08
   320.3      3.63178e+00      7.64373e-03      9.54962e-07
   320.4      3.39383e+00      8.64269e-03      2.24011e-06
   320.5      3.30405e+00      8.90815e-03     -3.67530e-06
   320.6      3.23384e+00      8.79093e-03      1.89311e-06
   320.7      3.25606e+00      7.43677e-03     -8.60856e-08
   320.8      3.37518e+00      5.62024e-03      1.07110e-06
   320.9      3.63823e+00      3.19752e-03      5.50854e-06
   321.0      3.98247e+00      7.00845e-04      6.70521e-06
   321.1      4.04138e+00     -4.87204e-05      1.25244e-06
   321.2      3.64902e+00      1.46421e-03     -2.25426e-06
   321.3      3.12715e+00      3.67580e-03      4.23949e-06
   321.4      2.71786e+00      5.42920e-03      8.99665e-06
   321.5      2.38005e+00      6.58956e-03      8.40023e-06
   321.6      2.13042e+00      7.45619e-03      1.01540e-05
   321.7      1.98792e+00      8.09952e-03      1.37548e-05
   321.8      1.97208e+00      8.52273e-03      1.29804e-05
   321.9      2.05074e+00      8.89564e-03      1.40582e-05
   322.0      2.17556e+00      8.75060e-03      1.76291e-05
   322.1      2.32929e+00      7.63305e-03      1.96260e-05
   322.2      2.44918e+00      6.28230e-03      2.30028e-05
   322.3      2.42663e+00      5.55177e-03      2.26554e-05
   322.4      2.36440e+00      5.00288e-03      1.69080e-05
   322.5      2.45221e+00      3.63978e-03      1.63718e-05
   322.6      2.71617e+00      1.70073e-03      1.91659e-05
   322.7      2.83052e+00      8.35763e-04      1.59741e-05
   322.8      2.57900e+00      1.74073e-03      1.12582e-05
   322.9      2.14418e+00      3.32784e-03      1.16206e-05
   323.0      1.76698e+00      4.35547e-03      1.54036e-05
   323.1      1.46936e+00      4.74807e-03      1.82225e-05
   323.2      1.26241e+00      4.97655e-03      1.68854e-05
   323.3      1.12949e+00      5.22033e-03      1.94918e-05
   323.4      1.05790e+00      5.31461e-03      1.70501e-05
   323.5      1.01346e+00      5.51344e-03      1.90196e-05
   323.6      9.98588e-01      5.53500e-03      2.06007e-05
   323.7      1.00694e+00      5.15960e-03      2.29274e-05
   323.8      1.07529e+00      4.35033e-03      2.42607e-05
   323.9      1.22486e+00      3.35398e-03      2.22362e-05
   324.0      1.38002e+00      2.58961e-03      2.47650e-05
   324.1      1.49301e+00      1.91184e-03      2.40623e-05
   324.2      1.51602e+00      1.71296e-03      2.07208e-05
   324.3      1.41418e+00      2.43664e-03      1.77646e-05
   324.4      1.24221e+00      3.40436e-03      1.72754e-05
   324.5      1.09684e+00      4.26115e-03      1.91499e-05
   324.6      1.00352e+00      4.86396e-03      2.15323e-05
   324.7      9.45370e-01      5.26074e-03      2.30853e-05
   324.8      9.19775e-01      5.58851e-03      2.55442e-05
   324.9      9.26346e-01      5.57981e-03      2.73583e-05
   325.0      9.64170e-01      4.87894e-03      2.37803e-05
   325.1      1.03933e+00      3.73610e-03      2.57138e-05
   325.2      1.13069e+00      2.79616e-03      2.46977e-05
   325.3      1.09872e+00      2.62879e-03      2.15376e-05
   325.4      9.78059e-01      2.72904e-03      1.75660e-05
   325.5      8.66995e-01      2.85977e-03      1.86302e-05
   325.6      8.11431e-01      2.89627e-03      2.02975e-05
   325.7      8.10660e-01      2.65447e-03      1.96694e-05
   325.8      8.41702e-01      2.21853e-03      2.19538e-05
   325.9      8.67814e-01      1.76205e-03      1.97381e-05
   326.0      8.24887e-01      1.86014e-03      1.79676e-05
   326.1      7.25155e-01      2.33715e-03      1.89994e-05
   326.2      6.26698e-01      2.85648e-03      2.16736e-05
   326.3      5.52135e-01      3.14050e-03      2.11813e-05
   326.4      4.92607e-01      3.28162e-03      2.11188e-05
   326.5      4.43548e-01      3.36715e-03      2.19491e-05
   326.6      4.05171e-01      3.37420e-03      2.18019e-05
   326.7      3.76706e-01      3.28429e-03      2.23345e-05
   326.8      3.61367e-01      3.11096e-03      2.30801e-05
   326.9      3.60419e-01      3.02442e-03      2.40741e-05
   327.0      3.85129e-01      2.88778e-03      2.27982e-05
   327.1      4.32923e-01      2.84005e-03      2.51965e-05
   327.2      4.98696e-01      2.54293e-03      2.48246e-05
   327.3      5.63565e-01      2.09060e-03      2.45815e-05
   327.4      5.73528e-01      1.87885e-03      2.40618e-05
   327.5      5.19515e-01      2.05292e-03      2.14598e-05
   327.6      4.53164e-01      2.41958e-03      2.06166e-05
   327.7      4.01259e-01      2.62894e-03      2.18910e-05
   327.8      3.58792e-01      2.51113e-03      2.14527e-05
   327.9      3.35696e-01      2.36884e-03      1.97465e-05
   328.0      3.27869e-01      2.37407e-03      2.22891e-05
   328.1      3.42409e-01      2.27136e-03      2.13842e-05
   328.2      3.57656e-01      1.94364e-03      1.90329e-05
   328.3      3.57537e-01      1.75280e-03      1.88757e-05
   328.4      3.39621e-01      1.86266e-03      2.03307e-05
   328.5      3.15694e-01      2.00105e-03      2.12702e-05
   328.6      2.97382e-01      2.06307e-03      2.13394e-05
   328.7      2.80833e-01      2.20977e-03      2.19818e-05
   328.8      2.71722e-01      2.26217e-03      2.19336e-05
   328.9      2.71789e-01      2.06300e-03      2.01570e-05
   329.0      2.83085e-01      2.01059e-03      1.99955e-05
   329.1      3.07931e-01      2.03630e-03      2.36428e-05
   329.2      3.47892e-01      1.84491e-03      2.12948e-05
   329.3      3.63608e-01      1.81066e-03      2.01650e-05
   329.4      3.35118e-01      2.07772e-03      2.28912e-05
   329.5      2.86658e-01      2.27089e-03      2.31347e-05
   329.6      2.41038e-01      2.26674e-03      2.24294e-05
   329.7      2.06772e-01      2.22690e-03      2.14216e-05
   329.8      1.83095e-01      2.22287e-03      2.11803e-05
   329.9      1.66049e-01      2.11183e-03      2.03499e-05
   330.0      1.55672e-01      2.14364e-03      2.20939e-05
   330.1      1.59397e-01      2.28936e-03      2.40991e-05
   330.2      1.64140e-01      2.30360e-03      2.41996e-05
   330.3      1.64308e-01      2.15241e-03      2.22494e-05
   330.4      1.66955e-01      2.02368e-03      2.24027e-05
   330.5      1.82340e-01      1.87261e-03      2.38442e-05
   330.6      2.10706e-01      1.57671e-03      2.25268e-05
   330.7      2.26376e-01      1.40085e-03      2.28157e-05
   330.8      2.08519e-01      1.43080e-03      2.22966e-05
   330.9      1.77146e-01      1.46127e-03      1.80518e-05
   331.0      1.52405e-01      1.38639e-03      1.63276e-05
   331.1      1.32963e-01      1.31925e-03      1.62105e-05
   331.2      1.27125e-01      1.37565e-03      1.66948e-05
   331.3      1.28287e-01      1.49462e-03      1.86453e-05
   331.4      1.21992e-01      1.52295e-03      1.94412e-05
   331.5      1.09702e-01      1.57929e-03      2.00218e-05
   331.6      9.99343e-02      1.66777e-03      2.08968e-05
   331.7      9.47257e-02      1.59025e-03      1.85263e-05
   331.8      9.34877e-02      1.75738e-03      2.13259e-05
   331.9      8.98358e-02      1.67964e-03      2.01545e-05
   332.0      8.63859e-02      1.68240e-03      1.97688e-05
   332.1      8.99682e-02      1.62006e-03      1.83146e-05
   332.2      9.13411e-02      1.50296e-03      1.85375e-05
   332.3      9.70257e-02      1.40021e-03      1.92374e-05
   332.4      1.09352e-01      1.29067e-03      1.91862e-05
   332.5      1.15651e-01      1.16985e-03      1.86280e-05
   332.6      1.16821e-01      1.04656e-03      1.70128e-05
   332.7      1.24835e-01      9.93068e-04      1.58239e-05
   332.8      1.29046e-01      1.08414e-03      1.55617e-05
   332.9      1.11848e-01      1.05603e-03      1.61906e-05
   333.0      9.56853e-02      1.03455e-03      1.46908e-05
   333.1      8.27385e-02      1.08119e-03      1.51620e-05
   333.2      7.73846e-02      1.16691e-03      1.55674e-05
   333.3      7.62811e-02      1.22425e-03      1.48594e-05
   333.4      7.46656e-02      1.21692e-03      1.34107e-05
   333.5      6.87742e-02      1.21843e-03      1.44654e-05
   333.6      6.12274e-02      1.23644e-03      1.74865e-05
   333.7      5.96602e-02      1.20417e-03      1.78970e-05
   333.8      6.34013e-02      1.13933e-03      1.74309e-05
   333.9      7.40820e-02      9.72200e-04      1.50761e-05
   334.0      8.12612e-02      9.48029e-04      1.67338e-05
   334.1      8.28698e-02      9.64704e-04      1.70625e-05
   334.2      7.37161e-02      9.83501e-04      1.56229e-05
   334.3      6.08503e-02      1.04595e-03      1.78244e-05
   334.4      5.34484e-02      1.12774e-03      1.81625e-05
   334.5      5.05611e-02      1.03000e-03      1.46894e-05
   334.6      4.80993e-02      9.06282e-04      1.20964e-05
   334.7      4.50743e-02      1.04722e-03      1.36805e-05
   334.8      4.01892e-02      1.15535e-03      1.79757e-05
   334.9      3.58011e-02      1.04994e-03      1.66938e-05
   335.0      3.89003e-02      1.06641e-03      1.50687e-05
   335.1      3.84693e-02      1.05833e-03      1.54076e-05
   335.2      3.53954e-02      1.25580e-03      2.03305e-05
   335.3      3.11164e-02      1.22718e-03      2.11540e-05
   335.4      2.65573e-02      1.09203e-03      1.83642e-05
   335.5      2.44411e-02      9.33218e-04      1.52292e-05
   335.6      2.54762e-02      8.23169e-04      1.43279e-05
   335.7      2.77019e-02      8.39956e-04      1.61151e-05
   335.8      3.29993e-02      8.59540e-04      1.77145e-05
   335.9      4.23182e-02      7.88094e-04      1.72213e-05
   336.0      4.54372e-02      5.98923e-04      1.47510e-05
   336.1      3.97120e-02      6.86874e-04      1.54669e-05
   336.2      3.06204e-02      6.91017e-04      1.51201e-05
   336.3      2.69177e-02      8.17790e-04      1.74078e-05
   336.4      2.57033e-02      8.65803e-04      1.86446e-05
   336.5      2.78386e-02      8.85169e-04      1.77431e-05
   336.6      2.76834e-02      9.36946e-04      1.66935e-05
   336.7      2.37582e-02      8.93312e-04      1.64037e-05
   336.8      1.99513e-02      9.14250e-04      1.82708e-05
   336.9      1.75809e-02      9.70070e-04      1.89425e-05
   337.0      1.72862e-02      7.89946e-04      1.56865e-05
   337.1      1.67002e-02      8.04623e-04      1.65133e-05
   337.2      2.14450e-02      6.89143e-04      1.38856e-05
   337.3      2.05807e-02      5.73269e-04      1.29528e-05
   337.4      2.01836e-02      5.69056e-04      1.43820e-05
   337.5      2.12738e-02      5.63411e-04      1.47678e-05
   337.6      2.07392e-02      6.82482e-04      1.56235e-05
   337.7      1.74914e-02      7.69660e-04      1.70014e-05
   337.8      1.63301e-02      6.81374e-04      1.54635e-05
   337.9      1.55522e-02      6.47568e-04      1.42179e-05
   338.0      1.25306e-02      5.92563e-04      1.35285e-05
   338.1      1.12047e-02      4.43996e-04      1.09575e-05
   338.2      8.37620e-03      6.55532e-04      1.45766e-05
   338.3      9.71200e-03      6.49965e-04      1.35015e-05
   338.4      1.00575e-02      6.70198e-04      1.37787e-05
   338.5      9.86722e-03      6.31918e-04      1.43567e-05
   338.6      9.65171e-03      6.30835e-04      1.50271e-05
   338.7      1.21719e-02      5.88227e-04      1.17816e-05
   338.8      9.99023e-03      6.01629e-04      1.32947e-05
   338.9      7.42417e-03      5.94421e-04      1.60203e-05
   339.0      7.45750e-03      5.01558e-04      1.30784e-05
   339.1      6.79428e-03      4.71970e-04      1.13133e-05
   339.2      7.21464e-03      4.79125e-04      1.26220e-05
   339.3      9.26786e-03      4.23157e-04      1.06612e-05
   339.4      1.64020e-02      3.99414e-04      8.75310e-06
   339.5      1.50827e-02      3.92665e-04      1.23528e-05
   339.6      1.71316e-02      4.12344e-04      1.33805e-05
   339.7      1.20293e-02      3.97883e-04      1.24322e-05
   339.8      1.16710e-02      3.27392e-04      1.09579e-05
   339.9      1.21747e-02      3.65937e-04      1.16305e-05
   340.0      1.30636e-02      3.36534e-04      9.73703e-06
   340.1      1.16741e-02      4.33387e-04      1.15036e-05
   340.2      8.86088e-03      4.49715e-04      1.32747e-05
   340.3      9.53672e-03      3.01481e-04      9.74160e-06
   340.4      8.91779e-03      4.83846e-04      1.23920e-05
   340.5      7.35965e-03      4.52680e-04      1.36400e-05
   340.6      4.31248e-03      3.77958e-04      1.18588e-05
   340.7      3.43517e-03      2.97989e-04      1.11268e-05
   340.8      2.60513e-03      3.34363e-04      1.20216e-05
   340.9      3.07072e-03      3.12264e-04      9.88201e-06
   341.0     -3.68449e-04      2.58580e-04      9.96442e-06
   341.1     -1.35658e-03      2.32793e-04      1.04022e-05
   341.2     -2.86892e-04      2.55804e-04      1.03453e-05
   341.3      6.86706e-04      1.94720e-04      8.80172e-06
   341.4      1.83724e-03      1.07915e-04      7.25508e-06
   341.5      2.58301e-03      2.66241e-04      1.01628e-05
   341.6      4.07052e-03      3.65161e-04      1.11128e-05
   341.7      3.80054e-03      1.30669e-04      7.44301e-06
   341.8      2.60619e-03      3.07989e-04      1.32480e-05
   341.9      4.31508e-03      3.05077e-04      1.19125e-05
   342.0      7.23920e-03      2.58253e-04      9.00899e-06
   342.1      8.76645e-03      1.61063e-04      6.46535e-06
   342.2      7.85119e-03      1.54555e-04      7.50763e-06
   342.3      6.22908e-03      2.31933e-04      1.00093e-05
   342.4      7.35912e-03      3.09542e-04      1.06118e-05
   342.5      5.86593e-03      2.48094e-04      8.66550e-06
   342.6      2.43790e-03      1.22087e-04      7.09855e-06
   342.7      1.05281e-03      5.25383e-05      7.30568e-06
   342.8     -1.09659e-03      5.74339e-05      8.36082e-06
   342.9     -4.77255e-04      1.93045e-04      1.01463e-05
   343.0     -4.35108e-04      1.56728e-04      8.77145e-06
   343.1      3.38744e-04      1.92199e-04      9.30796e-06
   343.2      1.79088e-03      2.21473e-04      8.97105e-06
   343.3     -3.22506e-04      1.39989e-04      9.34233e-06
   343.4     -9.11267e-04      1.06311e-04      1.02585e-05
   343.5      1.14811e-03      1.24492e-04      9.61666e-06
   343.6     -6.85426e-04      1.88859e-04      9.93521e-06
   343.7     -1.07450e-03      2.05146e-04      1.02417e-05
   343.8     -5.35350e-04      2.37338e-04      1.21904e-05
   343.9     -1.64107e-03      2.84752e-04      1.35039e-05
   344.0     -1.64440e-05      2.65487e-04      1.19305e-05
   344.1      4.94469e-04      2.47045e-04      1.26480e-05
   344.2      1.42898e-03      1.37136e-04      1.01884e-05
   344.3      2.50380e-03      2.27595e-04      1.18097e-05
   344.4      5.13768e-03      3.58271e-05      7.15266e-06
   344.5      2.55407e-03     -3.37033e-05      5.96800e-06
   344.6     -1.66243e-05      6.19868e-05      8.72202e-06
   344.7     -7.84901e-04      1.61161e-04      9.51266e-06
   344.8     -2.75366e-03      2.20366e-04      1.05700e-05
   344.9     -2.85382e-03      2.57640e-04      1.15676e-05
   345.0     -7.36442e-04      1.29542e-04      8.73827e-06
   345.1     -1.05307e-03      2.85765e-05      6.50245e-06
   345.2     -2.65891e-03      1.18796e-04      8.47865e-06
   345.3     -3.17030e-03      1.56175e-04      9.32323e-06
   345.4     -3.20209e-03      9.10409e-05      6.79766e-06
   345.5      2.18280e-04     -5.06955e-05      4.56689e-06
   345.6     -6.49844e-04      1.68808e-04      8.80866e-06
   345.7     -2.46278e-03      2.66124e-04      1.06178e-05
   345.8     -2.34734e-03      6.99972e-05      7.92635e-06
   345.9      7.73141e-04      4.08114e-06      6.11060e-06
   346.0      2.05648e-03      7.30114e-05      6.36111e-06
   346.1      1.23452e-03      7.40873e-05      7.37562e-06
   346.2     -5.67750e-04      1.35370e-04      9.51405e-06
   346.3     -2.96496e-04      6.18253e-05      8.03774e-06
   346.4      1.18510e-03     -6.23443e-05      6.33953e-06
   346.5      2.05749e-03      2.50614e-05      9.16956e-06
   346.6      3.72185e-03      6.45803e-05      1.04639e-05
   346.7      4.92582e-03      9.06410e-06      9.02891e-06
   346.8      7.04690e-03     -4.57925e-05      6.91868e-06
   346.9      7.45713e-03      4.88227e-05      9.58847e-06
   347.0      1.29943e-02     -1.66112e-04      2.71565e-06
   347.1      1.01169e-02      3.42272e-05      8.79298e-06
   347.2      8.23250e-03      4.19142e-05      8.42813e-06
   347.3      5.67632e-03     -6.11393e-05      7.40188e-06
   347.4      7.76367e-03      6.95297e-05      7.99944e-06
   347.5      5.57842e-03      8.00159e-05      7.55947e-06
   347.6      1.44400e-03      3.27186e-05      9.55528e-06
   347.7      7.56207e-04      1.03971e-04      1.05873e-05
   347.8      9.34023e-04      1.22080e-04      8.36872e-06
   347.9      6.15817e-04      4.47397e-05      8.52590e-06
   348.0     -1.65174e-03     -2.52611e-05      8.78107e-06
   348.1     -2.32270e-04      7.98801e-05      7.78896e-06
   348.2     -4.26461e-03      4.81443e-05      9.28135e-06
   348.3      1.95598e-03     -7.47023e-05      5.27578e-06
   348.4     -2.20960e-03      2.06976e-04      1.14176e-05
   348.5      2.75456e-03      1.74455e-04      7.87172e-06
   348.6     -1.86889e-03      1.06806e-04      9.62371e-06
   348.7      7.62770e-04      1.78762e-05      8.10129e-06
   348.8      3.16307e-03     -3.71794e-06      6.69128e-06
   348.9      4.64328e-03     -5.39206e-05      5.60498e-06
   349.0      6.29509e-03     -1.02930e-04      5.04099e-06
   349.1      6.98859e-03     -2.82437e-05      7.96673e-06
   349.2      7.86148e-03     -1.78933e-05      8.10866e-06
   349.3      5.15789e-03      2.85008e-06      7.59798e-06
   349.4      7.90975e-03      1.24218e-04      9.37654e-06
   349.5      8.11319e-03     -2.97605e-05      4.76432e-06
   349.6      9.76245e-03     -2.93568e-05      4.70012e-06
   349.7      8.03015e-03     -1.04174e-04      5.12707e-06
   349.8      3.69972e-03     -5.04596e-05      6.76926e-06
   349.9      2.24973e-03     -1.72113e-04      4.33153e-06
   350.0      2.57292e-03     -7.08142e-05      5.45975e-06
   350.1      1.13500e-03      7.46344e-05      9.73533e-06
   350.2      2.03617e-03      2.30024e-04      1.34039e-05
   350.3      2.25703e-03      1.38064e-04      1.00994e-05
   350.4      2.44523e-03     -4.79147e-05      6.61396e-06
   350.5      3.00872e-03     -3.69503e-05      7.95842e-06
   350.6      3.94184e-03     -5.89269e-05      6.35149e-06
   350.7      6.12463e-03     -7.44791e-06      6.94439e-06
   350.8      1.34566e-03      1.12056e-04      1.10413e-05
   350.9      3.06575e-03     -2.20126e-05      6.87973e-06
   351.0      4.53110e-03     -2.84063e-05      7.57448e-06
   351.1      5.83066e-03     -1.42556e-04      3.96562e-06
   351.2      5.25227e-03     -1.07447e-04      5.76854e-06
   351.3     -1.29265e-04      5.10254e-05      9.54203e-06
   351.4     -4.29538e-03      1.16609e-04      1.21714e-05
   351.5     -2.96258e-03      3.97477e-05      8.70007e-06
   351.6     -3.76705e-03     -5.90463e-06      7.61240e-06
   351.7     -6.39690e-03      8.62951e-05      1.10764e-05
   351.8     -6.57708e-03      1.13141e-04      1.00897e-05
   351.9     -3.98718e-03      6.65547e-05      7.84404e-06
   352.0     -2.16514e-03      2.49976e-05      7.34317e-06
   352.1     -3.02086e-03     -8.81652e-05      5.39997e-06
   352.2     -1.32470e-03     -3.63293e-05      7.82044e-06
   352.3     -1.32627e-03      5.88491e-05      7.81737e-06
   352.4     -1.18348e-03     -7.19168e-05      7.63164e-06
   352.5      1.75199e-03      2.23983e-05      8.81615e-06
   352.6      3.29146e-03      1.49700e-04      1.02130e-05
   352.7      5.96295e-03     -3.41147e-05      7.85616e-06
   352.8      7.73068e-03     -6.96691e-05      7.18318e-06
   352.9      1.17193e-02     -7.76553e-05      8.23758e-06
   353.0      1.91583e-02     -1.63208e-04      6.80188e-06
   353.1      2.14625e-02     -1.40335e-04      7.64761e-06
   353.2      2.40334e-02     -1.06303e-04      8.07857e-06
   353.3      2.85705e-02     -2.10855e-04      4.13950e-06
   353.4      2.88082e-02     -2.50864e-04      2.57529e-06
   353.5      2.60554e-02     -1.24765e-04      5.11621e-06
   353.6      2.05452e-02     -1.45367e-04      4.44052e-06
   353.7      1.77133e-02     -3.06029e-04      1.08759e-06
   353.8      1.35428e-02     -1.78882e-04      3.90686e-06
   353.9      1.18816e-02     -1.41244e-04      3.21200e-06
   354.0      7.80918e-03     -1.05379e-04      4.52742e-06
   354.1      1.01116e-02     -2.20628e-04     -7.80931e-08
   354.2      3.95027e-03     -9.43484e-05      5.09435e-06
   354.3      3.57122e-03     -1.28536e-04      5.08229e-06
   354.4      2.95244e-03     -1.06195e-04      5.70557e-06
   354.5      2.95536e-03     -1.13978e-04      5.00491e-06
   354.6      2.49856e-03     -1.62742e-04      3.64335e-06
   354.7      2.70327e-03     -2.08058e-04      3.66825e-06
   354.8      1.61592e-03     -2.80307e-04      3.56453e-06
   354.9      1.16360e-03     -2.31883e-04      4.07953e-06
   355.0      5.51982e-03     -1.93066e-04      3.18589e-06
   355.1      1.98823e-03     -2.81457e-04      2.23738e-06
   355.2      2.79888e-03     -2.40206e-04      1.92714e-06
   355.3      3.17694e-03     -2.27156e-04      3.81628e-06
   355.4      3.36589e-03     -1.49588e-04      4.85323e-06
   355.5      2.63543e-03     -1.63993e-04      4.71868e-06
   355.6      2.14156e-03     -1.88778e-04      3.50164e-06
   355.7      3.16999e-03     -2.79921e-04      4.97162e-07
   355.8      5.14944e-03     -1.63170e-04      3.17636e-06
   355.9      4.28851e-03     -1.77700e-04      2.83072e-06
   356.0      3.96469e-03     -2.51405e-04      1.53790e-06
   356.1      3.41622e-03     -2.21660e-04      1.91739e-06
   356.2      2.32196e-03     -1.44192e-04      4.91031e-06
   356.3      3.53746e-03     -1.64658e-04      3.95179e-06
   356.4      3.35386e-03     -2.79055e-04      6.17582e-08
   356.5      1.12642e-03     -2.10459e-04      3.77853e-06
   356.6      1.04314e-03     -5.63926e-05      5.10127e-06
   356.7      4.72602e-04     -1.00277e-04      5.35993e-06
   356.8      2.75183e-03     -1.74408e-04      4.67014e-06
   356.9      3.28299e-03     -1.52404e-04      5.31518e-06
   357.0      4.86196e-03     -2.90436e-04      9.56236e-07
   357.1      6.18196e-03     -2.21968e-04      4.11231e-06
   357.2      5.78682e-03     -1.22970e-04      6.76076e-06
   357.3      9.93547e-03     -2.07044e-04      3.74975e-06
   357.4      1.12041e-02     -1.67351e-04      4.38972e-06
   357.5      1.25031e-02     -1.78013e-04      3.24742e-06
   357.6      1.38271e-02     -1.75250e-04      2.24852e-06
   357.7      1.73900e-02     -1.62060e-04      2.73712e-06
   357.8      2.23403e-02     -2.97707e-04      1.99850e-06
   357.9      2.49921e-02     -2.83780e-04      3.69250e-06
   358.0      2.67911e-02     -1.11423e-04      6.20484e-06
   358.1      2.54498e-02     -1.58981e-04      4.86910e-06
   358.2      2.37969e-02     -2.32793e-04      1.94365e-06
   358.3      1.84267e-02     -2.28485e-04      2.48904e-06
   358.4      1.66983e-02     -1.69292e-04      4.80350e-06
   358.5      1.56698e-02     -7.77574e-05      4.56892e-06
   358.6      1.49121e-02     -8.11493e-05      5.40065e-06
   358.7      1.31133e-02     -2.06591e-04      3.77824e-06
   358.8      1.44963e-02     -1.50266e-04      2.45665e-06
   358.9      1.53817e-02     -2.21815e-05      5.32151e-06
   359.0      1.60456e-02     -9.68451e-05      4.54715e-06
   359.1      2.18347e-02     -2.72709e-04      1.44389e-06
   359.2      2.33197e-02     -2.42207e-04      3.01815e-06
   359.3      2.28175e-02     -2.36439e-04      3.06699e-06
   359.4      2.50452e-02     -2.08067e-04      3.55063e-06
   359.5      2.29917e-02     -8.19360e-05      7.11409e-06
   359.6      2.06077e-02     -1.68498e-04      5.33680e-06
   359.7      1.71890e-02     -1.06589e-04      6.86188e-06
   359.8      1.21375e-02     -4.74759e-05      9.82892e-06
   359.9      1.24761e-02      1.55532e-05      6.72203e-06
   360.0      9.09656e-03     -1.38557e-04      3.98386e-06
   360.1      6.95656e-03     -4.59654e-05      5.73473e-06
   360.2      1.94613e-03      5.13116e-05      8.14762e-06
   360.3      3.66821e-03     -1.08410e-04      3.35172e-06
   360.4      6.77264e-04     -8.11538e-05      5.51700e-06
   360.5     -9.54916e-04      6.07197e-05      8.94365e-06
   360.6      4.25966e-03      7.06337e-05      6.02643e-06
   360.7      6.05989e-03      2.09486e-05      4.92186e-06
   360.8      1.77073e-03     -3.46312e-05      6.07101e-06
   360.9      7.12888e-04     -1.72641e-05      5.69136e-06
   361.0      2.24210e-03     -9.23491e-05      3.53624e-06
   361.1      1.60669e-03     -2.00644e-04      2.55454e-06
   361.2      3.51873e-03     -6.77594e-05      4.42764e-06
   361.3      5.83492e-03     -1.15926e-04      2.40111e-06
   361.4      5.23113e-03     -1.55172e-04      1.50741e-06
   361.5      7.39663e-03     -2.42671e-04     -2.89186e-07
   361.6      9.97811e-03     -1.48464e-04      4.35695e-07
   361.7      5.80962e-03     -3.58662e-05      5.09143e-06
   361.8      8.45820e-03     -1.88288e-04      2.01613e-06
   361.9      7.15351e-03     -2.31802e-04      2.71626e-06
   362.0      9.36405e-03     -2.42684e-04      2.73539e-06
   362.1      1.09295e-02     -1.12152e-04      3.81301e-06
   362.2      1.14512e-02     -1.33342e-04      2.75584e-06
   362.3      1.40457e-02     -2.27037e-04      1.27764e-06
   362.4      1.76862e-02     -3.07890e-04     -5.26338e-07
   362.5      1.84402e-02     -2.98145e-04     -2.19372e-07
   362.6      1.71195e-02     -2.65406e-04      4.46276e-07
   362.7      1.80381e-02     -2.95415e-04     -1.28811e-06
   362.8      1.88805e-02     -1.15616e-04      2.06433e-06
   362.9      1.92915e-02     -2.48833e-05      4.26262e-06
   363.0      2.32969e-02     -9.36538e-05      3.87604e-06
   363.1      2.64434e-02     -1.23295e-04      3.92260e-06
   363.2      2.52197e-02     -1.57000e-04      3.19498e-06
   363.3      3.08055e-02     -5.30090e-05      5.24886e-06
   363.4      3.03790e-02     -4.43647e-05      6.05959e-06
   363.5      3.02293e-02     -2.27286e-04      2.12447e-06
   363.6      3.04295e-02     -1.63799e-04      2.05554e-06
   363.7      2.88621e-02     -7.25832e-05      3.61738e-06
   363.8      2.56639e-02     -1.74330e-04      1.62994e-06
   363.9      2.17926e-02     -1.85348e-04      8.37432e-07
   364.0      1.81424e-02     -7.50415e-05      2.59092e-06
   364.1      1.62517e-02     -1.11983e-04      1.73911e-06
   364.2      1.51540e-02     -2.80331e-04     -2.04294e-06
   364.3      1.28764e-02     -3.24217e-04     -2.33078e-06
   364.4      1.11535e-02     -2.56451e-04     -4.79472e-07
   364.5      1.20300e-02     -2.91820e-04     -2.72805e-06
   364.6      1.40973e-02     -3.23420e-04     -2.40964e-06
   364.7      1.28493e-02     -2.75701e-04     -1.84436e-06
   364.8      1.11054e-02     -2.11353e-04      1.33290e-06
   364.9      8.56581e-03     -1.48436e-04      2.12083e-06
   365.0      1.10173e-02     -2.38886e-04      8.84925e-08
   365.1      1.31360e-02     -1.22082e-04      3.24592e-06
   365.2      1.52421e-02     -5.37495e-05      4.21413e-06
   365.3      1.40787e-02      1.19977e-04      7.76373e-06
   365.4      1.68079e-02     -3.30046e-05      3.63813e-06
   365.5      1.96863e-02     -2.26854e-04      1.44418e-06
   365.6      1.89171e-02     -1.84456e-04      3.24778e-06
   365.7      1.79981e-02     -3.91530e-05      5.45472e-06
   365.8      1.90192e-02      6.61941e-05      6.81409e-06
   365.9      1.72663e-02     -1.78284e-05      4.21769e-06
   366.0      1.30680e-02     -7.08024e-05      3.42815e-06
   366.1      1.47146e-02     -4.98148e-06      3.85197e-06
   366.2      1.54313e-02     -1.11082e-04      1.86050e-06
   366.3      1.14164e-02     -8.03968e-05      2.85660e-06
   366.4      6.68947e-03     -8.61786e-05      4.50078e-06
   366.5      8.00280e-03     -4.44325e-05      4.60545e-06
   366.6      4.11569e-03      3.29466e-05      6.00705e-06
   366.7      4.88473e-03     -1.59980e-04      2.23618e-06
   366.8      3.92214e-03     -2.50869e-05      4.18301e-06
   366.9      4.30437e-03      1.24021e-04      6.81719e-06
   367.0      6.78845e-03     -1.56295e-05      4.72707e-06
   367.1      4.15296e-03     -6.07828e-05      5.46010e-06
   367.2      3.04905e-03     -1.05024e-04      4.00258e-06
   367.3      4.61866e-03     -1.27391e-04      2.58344e-06
   367.4      5.04921e-03     -5.99202e-05      4.33432e-06
   367.5      3.85736e-03     -6.02244e-06      5.71515e-06
   367.6      3.01354e-03     -1.97460e-05      4.22509e-06
   367.7      3.81289e-03     -6.61344e-05      2.36478e-06
   367.8      3.18472e-03      3.24338e-05      5.70479e-06
   367.9      6.56618e-03     -3.37060e-05      2.41380e-06
   368.0      5.61494e-03     -9.84111e-05      2.20476e-06
   368.1      4.55128e-03      2.00205e-05      5.00607e-06
   368.2      4.30519e-03      1.26668e-05      4.98696e-06
   368.3      3.05658e-03      6.65320e-05      6.35508e-06
   368.4      2.20503e-03     -4.25458e-05      3.45630e-06
   368.5      3.39539e-03     -2.49754e-05      4.18849e-06
   368.6      5.77266e-03      3.20506e-05      4.93368e-06
   368.7      8.01850e-03     -8.67526e-05      1.74746e-06
   368.8      5.83233e-03      1.10084e-05      5.08510e-06
   368.9      5.91288e-03      1.05256e-04      8.04144e-06
   369.0      9.17968e-03      1.28536e-04      7.45556e-06
   369.1      9.32037e-03      1.65257e-04      8.29049e-06
   369.2      9.52825e-03      1.69694e-05      5.89129e-06
   369.3      1.25205e-02     -8.74392e-05      3.12328e-06
   369.4      1.49528e-02     -1.42855e-06      6.00948e-06
   369.5      1.80182e-02     -3.19909e-05      5.90904e-06
   369.6      2.26663e-02     -1.60229e-04      1.69533e-06
   369.7      2.50064e-02     -8.39116e-05      4.19113e-06
   369.8      3.05914e-02     -1.42824e-04      1.76998e-06
   369.9      3.84394e-02     -2.57318e-04     -7.54185e-07
   370.0      4.47761e-02     -2.89982e-04      1.42717e-06
   370.1      5.47883e-02     -2.66491e-04      1.79460e-06
   370.2      6.43213e-02     -2.28029e-04      1.71729e-06
   370.3      6.25632e-02     -2.41373e-04      1.60716e-06
   370.4      5.28498e-02     -2.74420e-04     -1.04260e-07
   370.5      4.47101e-02     -6.16062e-05      2.89663e-06
   370.6      3.70707e-02      4.92561e-06      3.23044e-06
   370.7      3.03690e-02     -8.04601e-05      1.44911e-06
   370.8      2.41010e-02     -9.32358e-05      2.74858e-06
   370.9      1.88935e-02     -1.75722e-04      1.45889e-06
   371.0      1.68034e-02     -1.81231e-04      2.62950e-07
   371.1      1.50651e-02     -1.34321e-04      1.17089e-06
   371.2      1.65535e-02     -1.31324e-04      9.85611e-07
   371.3      1.38923e-02     -2.70864e-05      2.67405e-06
   371.4      1.43217e-02     -1.17788e-05      1.21559e-06
   371.5      1.26162e-02      1.80675e-04      5.49616e-06
   371.6      9.09506e-03     -4.97632e-06      3.66937e-06
   371.7      4.82283e-03      4.52777e-05      7.60085e-06
   371.8      8.11580e-03     -9.30686e-05      3.61493e-06
   371.9      1.01343e-02     -1.19699e-04      1.24880e-06
   372.0      1.07841e-02     -1.31698e-04     -1.05832e-06
   372.1      9.10778e-03     -9.25342e-05      1.64252e-06
   372.2      7.82280e-03     -7.59249e-05      2.35792e-06
   372.3      8.80461e-03     -6.85836e-05      1.72964e-06
   372.4      7.88033e-03      6.77423e-05      6.42591e-06
   372.5      7.91025e-03      1.29216e-04      7.57499e-06
   372.6      9.30272e-03     -2.42159e-05      4.09141e-06
   372.7      9.66163e-03     -1.30563e-04      3.56617e-06
   372.8      1.30162e-02     -1.51983e-04      1.98863e-06
   372.9      1.24992e-02     -1.92159e-04      1.78873e-06
   373.0      1.09849e-02     -1.28319e-05      5.44937e-06
   373.1      1.02879e-02      2.16882e-05      4.48359e-06
   373.2      1.07415e-02     -4.82483e-05      2.34110e-06
   373.3      1.10047e-02     -1.61371e-06      4.85514e-06
   373.4      1.27006e-02     -5.26072e-05      2.69779e-06
   373.5      1.20794e-02     -6.64804e-05      2.22464e-06
   373.6      1.12253e-02     -1.38291e-04      1.33960e-06
   373.7      1.12679e-02     -4.87119e-05      4.37033e-06
   373.8      1.41588e-02     -8.38187e-06      3.60548e-06
   373.9      1.30061e-02     -1.02397e-04      1.55971e-06
   374.0      1.08519e-02     -8.31316e-05      2.80743e-06
   374.1      1.32043e-02     -9.10369e-05      2.36590e-06
   374.2      1.58300e-02     -1.01714e-04      2.07361e-06
   374.3      1.72223e-02     -2.80595e-05      4.53331e-06
   374.4      1.93983e-02     -1.12031e-04      3.78953e-06
   374.5      2.23986e-02     -1.45692e-04      2.02881e-06
   374.6      2.52840e-02     -1.14379e-04      3.56447e-06
   374.7      2.92999e-02     -2.15059e-04      9.98457e-07
   374.8      3.33911e-02     -1.71622e-04      2.81147e-06
   374.9      3.65163e-02     -9.98473e-05      3.72350e-06
   375.0      4.06396e-02     -2.38230e-04      2.64341e-06
   375.1      4.66104e-02     -4.33292e-04     -1.01572e-06
   375.2      4.79459e-02     -3.21128e-04      5.11767e-07
   375.3      4.04330e-02     -1.62187e-04      3.18754e-06
   375.4      3.47646e-02     -2.45744e-04      5.19520e-07
   375.5      2.93478e-02     -2.60524e-04     -1.06405e-06
   375.6      2.48302e-02     -1.19627e-04      1.13674e-06
   375.7      1.89539e-02     -1.13973e-04      1.53224e-06
   375.8      1.69965e-02     -1.46722e-04     -6.85712e-07
   375.9      1.61006e-02      1.14612e-05      2.54378e-06
   376.0      9.45780e-03      9.46929e-05      7.44315e-06
   376.1      9.47615e-03     -2.87623e-05      4.11776e-06
   376.2      1.12445e-02      5.29672e-05      4.61625e-06
   376.3      8.69177e-03      1.96635e-04      9.24591e-06
   376.4      9.45513e-03     -7.87527e-05      2.63091e-06
   376.5      1.12979e-02     -9.15412e-05      1.31623e-06
   376.6      1.03348e-02      1.92846e-05      3.91345e-06
   376.7      1.00639e-02      8.93438e-05      4.68820e-06
   376.8      9.27584e-03     -5.93899e-05      3.39059e-06
   376.9      1.23128e-02      5.28552e-06      3.90717e-06
   377.0      1.22195e-02     -4.78075e-05      2.95850e-06
   377.1      1.26382e-02      1.78017e-05      4.61988e-06
   377.2      1.29468e-02     -5.26664e-06      3.43392e-06
   377.3      1.30266e-02      5.82014e-05      6.61239e-06
   377.4      1.33658e-02      8.20242e-05      8.30462e-06
   377.5      1.54452e-02     -2.04681e-06      5.09703e-06
   377.6      1.83968e-02     -2.77431e-06      4.80522e-06
   377.7      1.92019e-02      1.18673e-05      5.29087e-06
   377.8      1.87625e-02      7.08560e-05      6.64895e-06
   377.9      1.70003e-02      1.64921e-05      6.07463e-06
   378.0      1.64941e-02     -9.04680e-06      2.89313e-06
   378.1      1.28949e-02     -5.98492e-05      1.56145e-06
   378.2      8.84949e-03      1.09960e-04      7.70879e-06
   378.3      7.35895e-03      4.78169e-05      5.76294e-06
   378.4      9.92492e-03      7.48849e-05      4.05088e-06
   378.5      7.70467e-03      1.05968e-04      5.67080e-06
   378.6      7.85796e-03      9.17719e-05      5.29363e-06
   378.7      8.58966e-03      8.48148e-06      3.26528e-06
   378.8      9.30525e-03     -5.88904e-06      2.86245e-06
   378.9      9.08172e-03      1.22416e-04      5.84296e-06
   379.0      1.00049e-02      8.62096e-05      4.37715e-06
   379.1      8.51191e-03      2.61476e-05      3.52715e-06
   379.2      6.75001e-03      4.20347e-05      5.54690e-06
   379.3      5.78960e-03      1.43136e-05      5.63726e-06
   379.4      4.56253e-03     -3.53684e-06      4.14825e-06
   379.5      8.47180e-03     -4.50793e-05      1.34964e-06
   379.6      9.36373e-03      2.79507e-05      3.68403e-06
   379.7      1.07575e-02      8.17549e-05      3.51014e-06
   379.8      1.08592e-02      6.24522e-05      3.17784e-06
   379.9      1.10538e-02     -1.55594e-04     -5.93871e-07
   380.0      1.19032e-02     -8.61229e-05      3.18256e-07
   380.1      1.17022e-02     -8.85672e-05      1.13685e-06
   380.2      9.94121e-03      1.16782e-04      4.51963e-06
   380.3      8.69571e-03      4.95616e-05      3.39735e-06
   380.4      1.29190e-02      2.96268e-05      1.54177e-06
   380.5      1.13809e-02      1.10659e-04      4.22439e-06
   380.6      1.17637e-02     -6.87277e-07      2.63977e-06
   380.7      1.43433e-02     -1.95649e-05      5.57168e-07
   380.8      1.15562e-02      2.55793e-06      2.63809e-06
   380.9      1.10471e-02      1.47479e-05      3.86560e-06
   381.0      1.32157e-02      7.44189e-05      3.14170e-06
   381.1      1.25225e-02     -1.06140e-07      1.42150e-06
   381.2      1.14326e-02      1.32872e-05      1.84810e-06
   381.3      9.43540e-03      7.93654e-06      3.69497e-06
   381.4      1.28109e-02     -3.47222e-05      7.45503e-07
   381.5      1.26125e-02      2.98663e-05      2.73894e-06
   381.6      1.74583e-02     -3.99812e-06      1.75629e-07
   381.7      1.57732e-02     -7.66156e-05      7.29664e-07
   381.8      1.46369e-02     -2.98350e-05      3.27500e-06
   381.9      1.90386e-02     -7.40793e-05      1.32306e-06
   382.0      1.90557e-02     -1.16701e-04     -4.56898e-07
   382.1      1.78382e-02      1.62390e-05      2.97202e-06
   382.2      1.98977e-02      8.43414e-05      4.90380e-06
   382.3      2.32906e-02      5.86322e-05      4.10973e-06
   382.4      2.53479e-02      6.46628e-05      3.78408e-06
   382.5      2.86224e-02      4.69966e-05      3.86229e-06
   382.6      3.48650e-02     -4.67292e-05      2.53148e-06
   382.7      3.77102e-02     -1.62485e-04      1.09794e-06
   382.8      3.89234e-02     -2.05321e-04      1.88153e-06
   382.9      4.40929e-02     -1.54912e-04      2.65973e-06
   383.0      4.39574e-02     -1.01321e-04      2.25719e-06
   383.1      4.29118e-02     -1.00978e-05      4.05466e-07
   383.2      3.33796e-02      4.05040e-05      2.86740e-06
   383.3      2.70646e-02     -2.62981e-05      2.79919e-06
   383.4      2.28637e-02      3.08004e-05      2.64515e-06
   383.5      2.27544e-02     -6.69416e-05     -8.40851e-07
   383.6      1.97236e-02     -3.65130e-05     -3.71900e-07
   383.7      1.82803e-02     -7.55968e-05     -2.09741e-06
   383.8      1.47789e-02     -3.99112e-05      1.51959e-06
   383.9      1.24064e-02      1.74932e-05      4.45803e-06
   384.0      9.43118e-03      4.94157e-05      5.10892e-06
   384.1      1.07722e-02      1.04472e-04      3.50747e-06
   384.2      1.30541e-02      2.68633e-05      9.87702e-07
   384.3      1.08020e-02     -5.50213e-05      1.29966e-06
   384.4      1.22979e-02     -5.07943e-05     -1.83489e-07
   384.5      1.26234e-02     -7.84829e-05     -8.25575e-07
   384.6      1.07058e-02     -3.69098e-05      4.92596e-07
   384.7      1.16424e-02     -1.68897e-04     -1.39455e-06
   384.8      1.07020e-02      1.71490e-04      6.00899e-06
   384.9      9.67783e-03      1.45991e-04      5.33462e-06
   385.0      1.33465e-02     -3.60196e-05      1.98313e-07
   385.1      1.33469e-02     -5.35357e-05     -1.22303e-06
   385.2      9.46102e-03      2.08265e-05      3.32674e-06
   385.3      9.60028e-03      1.00430e-04      5.96020e-06
   385.4      1.25156e-02      1.80592e-04      5.10436e-06
   385.5      1.28897e-02      5.74680e-05      1.39853e-06
   385.6      1.05085e-02      1.92789e-05      2.49927e-06
   385.7      9.45082e-03      3.83916e-06      2.96138e-06
   385.8      1.22599e-02     -5.25987e-05      4.82175e-07
   385.9      1.26696e-02      1.31486e-04      5.19554e-06
   386.0      1.10024e-02      2.41999e-04      6.60414e-06
   386.1      1.25765e-02     -3.02714e-05     -2.21713e-06
   386.2      1.20364e-02     -1.49873e-04     -2.25381e-06
   386.3      1.25723e-02      2.84638e-05      1.42212e-06
   386.4      1.12787e-02      3.13175e-07      2.31742e-06
   386.5      1.42775e-02      1.14287e-04      2.82383e-06
   386.6      1.23608e-02      4.33694e-05      3.14364e-06
   386.7      1.31675e-02      7.01072e-05      2.40707e-06
   386.8      1.32401e-02     -5.48052e-05      3.22003e-07
   386.9      1.44661e-02     -4.25894e-05     -2.66329e-07
   387.0      1.29543e-02      2.40609e-05      2.74573e-06
   387.1      1.35161e-02      4.26029e-05      4.22044e-06
   387.2      1.38350e-02      2.64835e-05      3.53815e-06
   387.3      1.51218e-02      8.30646e-05      4.49432e-06
   387.4      1.50400e-02      1.61915e-04      6.38633e-06
   387.5      1.40078e-02      1.52840e-04      6.07217e-06
   387.6      1.73949e-02      3.48820e-05      3.16160e-06
   387.7      2.10953e-02     -4.14772e-05      1.58481e-06
   387.8      2.19417e-02      9.66433e-06      2.93370e-06
   387.9      2.13006e-02      6.45787e-06      4.19179e-06
   388.0      2.57010e-02      1.20623e-04      5.64607e-06
   388.1      3.14531e-02     -1.15363e-04     -4.27009e-07
   388.2      3.20688e-02     -1.04914e-04      8.16971e-07
   388.3      3.66465e-02     -9.11368e-05      2.19778e-06
   388.4      3.74132e-02     -1.51916e-04     -1.37607e-07
   388.5      3.35118e-02     -1.64741e-04     -7.36761e-07
   388.6      2.83454e-02     -8.43492e-05      1.38971e-06
   388.7      2.55580e-02     -7.02041e-05     -8.68074e-07
   388.8      2.22530e-02      9.01839e-05      1.86551e-06
   388.9      2.15067e-02      1.41917e-04      2.85387e-06
   389.0      2.21626e-02      1.10701e-04      1.58642e-06
   389.1      1.83088e-02      1.90449e-04      5.70213e-06
   389.2      1.62623e-02      9.13410e-05      5.20294e-06
   389.3      1.95092e-02     -1.03053e-04     -1.65965e-06
   389.4      1.75788e-02     -7.54660e-05     -5.43475e-07
   389.5      1.16075e-02     -4.84885e-06      4.69737e-06
   389.6      1.15713e-02     -1.81084e-05      1.18146e-06
   389.7      1.37118e-02     -9.04969e-05      4.82434e-07
   389.8      1.46668e-02     -3.31595e-05     -1.01828e-06
   389.9      1.63882e-02     -2.26287e-05     -1.17118e-06
   390.0      1.40158e-02     -1.34322e-04     -1.49606e-06
   390.1      1.54943e-02     -1.98480e-04     -3.33045e-06
   390.2      1.22180e-02      1.05862e-05      2.81163e-06
   390.3      1.26276e-02     -1.72801e-04     -9.30350e-07
   390.4      1.65319e-02     -1.52884e-04     -2.95779e-06
   390.5      1.99215e-02     -1.38665e-04     -3.15379e-06
   390.6      1.71893e-02     -1.01922e-04     -8.80425e-07
   390.7      1.51996e-02     -6.41112e-05      6.99875e-07
   390.8      1.61380e-02     -1.04538e-04      2.16755e-07
   390.9      1.25859e-02     -3.71288e-05      2.69912e-06
   391.0      1.20014e-02     -7.71568e-05      9.45163e-07
   391.1      1.37219e-02      1.21554e-04      2.47062e-06
   391.2      1.37267e-02      1.49025e-05      1.37414e-06
   391.3      1.31561e-02     -1.46269e-04     -2.35121e-06
   391.4      1.58993e-02      4.31405e-05      1.42033e-06
   391.5      1.49516e-02     -2.24010e-04     -1.00878e-06
   391.6      1.66195e-02     -2.34923e-04     -2.00355e-06
   391.7      1.32371e-02     -3.36237e-05      2.01570e-06
   391.8      1.33203e-02      3.72021e-05      3.28010e-06
   391.9      1.36113e-02     -8.82734e-05      1.21881e-07
   392.0      1.27000e-02      7.40271e-05      2.24977e-06
   392.1      1.36631e-02      1.75474e-04      5.18245e-06
   392.2      1.40506e-02      1.01237e-04      3.90367e-06
   392.3      1.48355e-02      9.99624e-05      2.14762e-06
   392.4      1.56792e-02      2.93049e-05      2.42148e-06
   392.5      1.56674e-02     -7.36648e-05      5.07369e-07
   392.6      1.71115e-02      4.86861e-05     -1.68422e-06
   392.7      1.61513e-02      2.28417e-04      4.30193e-06
   392.8      1.61612e-02      1.77278e-04      6.01578e-06
   392.9      1.68873e-02      1.67168e-04      2.90056e-06
   393.0      1.73536e-02     -6.24236e-05     -7.59760e-08
   393.1      1.98349e-02     -3.23925e-05     -4.40882e-07
   393.2      1.74594e-02     -1.57999e-04     -1.90741e-06
   393.3      1.73317e-02     -1.37142e-04     -1.83956e-06
   393.4      1.94450e-02     -1.27176e-04     -1.54033e-06
   393.5      1.87369e-02     -1.89737e-04     -4.34445e-06
   393.6      1.51563e-02      9.91722e-06      1.82423e-06
   393.7      1.50682e-02     -1.03073e-04      6.19054e-07
   393.8      1.69434e-02     -2.65266e-04     -4.77582e-06
   393.9      1.81929e-02     -1.80334e-04     -2.83666e-06
   394.0      1.76149e-02     -1.46099e-04      1.09257e-06
   394.1      1.93777e-02     -1.63199e-04     -3.99168e-07
   394.2      2.16752e-02     -1.87143e-04     -5.47413e-06
   394.3      1.50651e-02     -2.11741e-05      6.58316e-07
   394.4      1.73662e-02      6.89727e-05      3.29768e-06
   394.5      1.77192e-02     -3.00504e-05      9.62834e-07
   394.6      1.66058e-02     -1.38670e-04      4.40818e-07
   394.7      2.18221e-02      7.22567e-05      2.34919e-06
   394.8      2.12356e-02     -1.21395e-04     -4.11173e-07
   394.9      1.51360e-02     -1.63260e-04     -7.91707e-07
