# Reference      : Molina and Molina, JGR, vol. 91, pp 14501-14508, 1986 
# Comments       : Table 1 in Molina and Molina (1986), got this from
# Comments       : Tapani Koskela, FMI, Finland, thanks.
# Original data at temperatures 226K 263K 298K
# Below 185nm, temperature-independent data from 
#  M. Ackerman, "UV-solar radiation related to mesospheric processes,"
#  in: Mesospheric Models and Related Experiments, edited by G. Fiocco
#  (D. Reidel Publishing Company, Dordrecht, 1971), pp. 149-159. 
# are used.
#
# Ozone cross-section SIGMA = (C0 + C1*(T-TO) + C2*(T-TO)**2) * 1.E-20 cm^2
# where T0 = 273.13 and T is in Kelvin
#
# wavelength  
# (air nm)         C0               C1(T)            C2(T^2)
   116.650      7.80000e+02      0.00000e+00      0.00000e+00
   117.300      7.97000e+02      0.00000e+00      0.00000e+00
   117.950      8.66000e+02      0.00000e+00      0.00000e+00
   118.650      9.51000e+02      0.00000e+00      0.00000e+00
   119.400      1.25000e+03      0.00000e+00      0.00000e+00
   120.150      1.84000e+03      0.00000e+00      0.00000e+00
   120.850      2.19000e+03      0.00000e+00      0.00000e+00
   121.600      2.30000e+03      0.00000e+00      0.00000e+00
   122.350      2.26000e+03      0.00000e+00      0.00000e+00
   123.100      2.06000e+03      0.00000e+00      0.00000e+00
   123.850      1.30000e+03      0.00000e+00      0.00000e+00
   124.600      8.91000e+02      0.00000e+00      0.00000e+00
   125.400      7.24000e+02      0.00000e+00      0.00000e+00
   126.200      6.09000e+02      0.00000e+00      0.00000e+00
   127.000      5.66000e+02      0.00000e+00      0.00000e+00
   127.800      5.87000e+02      0.00000e+00      0.00000e+00
   128.600      6.47000e+02      0.00000e+00      0.00000e+00
   129.450      8.14000e+02      0.00000e+00      0.00000e+00
   130.300      1.24000e+03      0.00000e+00      0.00000e+00
   131.150      1.52000e+03      0.00000e+00      0.00000e+00
   132.000      1.47000e+03      0.00000e+00      0.00000e+00
   132.850      1.51000e+03      0.00000e+00      0.00000e+00
   133.750      1.51000e+03      0.00000e+00      0.00000e+00
   134.650      1.65000e+03      0.00000e+00      0.00000e+00
   135.550      1.54000e+03      0.00000e+00      0.00000e+00
   136.500      1.35000e+03      0.00000e+00      0.00000e+00
   137.450      1.05000e+03      0.00000e+00      0.00000e+00
   138.400      7.97000e+02      0.00000e+00      0.00000e+00
   139.850      7.17000e+02      0.00000e+00      0.00000e+00
   141.800      6.28000e+02      0.00000e+00      0.00000e+00
   143.850      5.66000e+02      0.00000e+00      0.00000e+00
   145.950      5.23000e+02      0.00000e+00      0.00000e+00
   148.100      4.47000e+02      0.00000e+00      0.00000e+00
   150.350      3.69000e+02      0.00000e+00      0.00000e+00
   152.650      2.93000e+02      0.00000e+00      0.00000e+00
   155.000      2.19000e+02      0.00000e+00      0.00000e+00
   157.450      1.63000e+02      0.00000e+00      0.00000e+00
   160.000      1.20000e+02      0.00000e+00      0.00000e+00
   162.600      9.77000e+01      0.00000e+00      0.00000e+00
   165.300      8.66000e+01      0.00000e+00      0.00000e+00
   168.100      8.14000e+01      0.00000e+00      0.00000e+00
   170.950      8.17000e+01      0.00000e+00      0.00000e+00
   173.150      8.57000e+01      0.00000e+00      0.00000e+00
   174.650      8.40000e+01      0.00000e+00      0.00000e+00
   176.200      8.11000e+01      0.00000e+00      0.00000e+00
   177.800      7.99000e+01      0.00000e+00      0.00000e+00
   179.400      7.86000e+01      0.00000e+00      0.00000e+00
   181.000      7.63000e+01      0.00000e+00      0.00000e+00
   182.650      7.29000e+01      0.00000e+00      0.00000e+00
   184.350      6.88000e+01      0.00000e+00      0.00000e+00
   185.000      6.50249e+01      1.38893e-02      0.00000e+00
   185.500      6.36022e+01      9.16711e-03      0.00000e+00
   186.000      6.21185e+01     -9.99962e-03      0.00000e+00
   186.500      6.14450e+01     -5.83295e-03      0.00000e+00
   187.000      5.93824e+01      1.11152e-03      0.00000e+00
   187.500      5.90045e+01     -1.38847e-03      0.00000e+00
   188.000      5.65762e+01      5.55977e-04      0.00000e+00
   188.500      5.60535e+01     -1.38577e-04      0.00000e+00
   189.000      5.43746e+01     -5.41628e-03      0.00000e+00
   189.500      5.29967e+01      7.77815e-03      0.00000e+00
   190.000      5.13091e+01     -6.80521e-03      0.00000e+00
   190.500      4.99031e+01      2.78106e-04      0.00000e+00
   191.000      4.86688e+01      5.27812e-03      0.00000e+00
   191.500      4.72706e+01      3.19471e-03      0.00000e+00
   192.000      4.60220e+01      1.52810e-03      0.00000e+00
   192.500      4.47988e+01      5.27805e-03      0.00000e+00
   193.000      4.32772e+01      3.33366e-03      0.00000e+00
   193.500      4.21418e+01     -2.08308e-03      0.00000e+00
   194.000      4.07359e+01     -3.05531e-03      0.00000e+00
   194.500      3.99799e+01      4.02807e-03      0.00000e+00
   195.000      3.85123e+01      5.13915e-03      0.00000e+00
   195.500      3.75267e+01      7.77808e-03      0.00000e+00
   196.000      3.66230e+01      4.30583e-03      0.00000e+00
   196.500      3.55624e+01      1.11136e-03      0.00000e+00
   197.000      3.48723e+01      5.13914e-03      0.00000e+00
   197.500      3.42219e+01      5.55582e-03      0.00000e+00
   198.000      3.34348e+01      2.22245e-03      0.00000e+00
   198.500      3.27227e+01      4.72245e-03      0.00000e+00
   199.000      3.21038e+01     -5.55338e-04      0.00000e+00
   199.500      3.17030e+01      4.30574e-03      0.00000e+00
   200.000      3.15089e+01      1.25023e-03      0.00000e+00
   200.500      3.15142e+01     -9.72032e-04      0.00000e+00
   201.000      3.11880e+01     -1.52757e-03      0.00000e+00
   201.500      3.15458e+01      9.72421e-04      0.00000e+00
   202.000      3.17106e+01      3.19464e-03      0.00000e+00
   202.500      3.20023e+01      5.13913e-03      0.00000e+00
   203.000      3.25238e+01     -5.55364e-04      0.00000e+00
   203.500      3.32504e+01     -4.16428e-04      0.00000e+00
   204.000      3.37708e+01     -4.86088e-03      0.00000e+00
   204.500      3.47652e+01     -2.22197e-03      0.00000e+00
   205.000      3.59812e+01     -5.27754e-03      0.00000e+00
   205.500      3.71635e+01     -4.16642e-03      0.00000e+00
   206.000      3.86604e+01     -4.44418e-03      0.00000e+00
   206.500      4.03095e+01     -7.22198e-03      0.00000e+00
   207.000      4.21346e+01     -5.41641e-03      0.00000e+00
   207.500      4.42935e+01     -4.16645e-03      0.00000e+00
   208.000      4.65519e+01     -6.11074e-03      0.00000e+00
   208.500      4.89809e+01     -8.88856e-03      0.00000e+00
   209.000      5.14216e+01     -9.72193e-03      0.00000e+00
   209.500      5.43827e+01     -1.09719e-02      0.00000e+00
   210.000      5.74706e+01     -1.24997e-02      0.00000e+00
   210.500      6.09624e+01     -1.45830e-02      0.00000e+00
   211.000      6.44549e+01     -1.74997e-02      0.00000e+00
   211.500      6.83359e+01     -1.47217e-02      0.00000e+00
   212.000      7.23473e+01     -1.63884e-02      0.00000e+00
   212.500      7.69584e+01     -2.16662e-02      0.00000e+00
   213.000      8.15715e+01     -2.13884e-02      0.00000e+00
   213.500      8.62951e+01     -2.55549e-02      0.00000e+00
   214.000      9.15088e+01     -2.20827e-02      0.00000e+00
   214.500      9.70189e+01     -2.61104e-02      0.00000e+00
   215.000      1.02921e+02     -2.49993e-02      0.00000e+00
   215.500      1.08894e+02     -3.19437e-02      0.00000e+00
   216.000      1.15394e+02     -3.19438e-02      0.00000e+00
   216.500      1.22397e+02     -3.61102e-02      0.00000e+00
   217.000      1.29632e+02     -3.74991e-02      0.00000e+00
   217.500      1.37063e+02     -3.47213e-02      0.00000e+00
   218.000      1.44763e+02     -3.47212e-02      0.00000e+00
   218.500      1.52966e+02     -3.88880e-02      0.00000e+00
   219.000      1.61377e+02     -5.13876e-02      0.00000e+00
   219.500      1.70228e+02     -3.33323e-02      0.00000e+00
   220.000      1.78983e+02     -1.94430e-02      0.00000e+00
   220.500      1.89214e+02     -1.66655e-02      0.00000e+00
   221.000      1.98821e+02     -2.49988e-02      0.00000e+00
   221.500      2.09449e+02     -1.80541e-02      0.00000e+00
   222.000      2.20587e+02     -2.36094e-02      0.00000e+00
   222.500      2.31683e+02     -1.94431e-02      0.00000e+00
   223.000      2.43383e+02     -1.94430e-02      0.00000e+00
   223.500      2.55628e+02     -3.33320e-02      0.00000e+00
   224.000      2.68538e+02     -5.55379e-03      0.00000e+00
   224.500      2.81556e+02     -2.63870e-02      0.00000e+00
   225.000      2.94990e+02     -2.77760e-02      0.00000e+00
   225.500      3.08256e+02     -2.63869e-02      0.00000e+00
   226.000      3.23049e+02     -1.80532e-02      0.00000e+00
   226.500      3.37221e+02     -2.49978e-02      0.00000e+00
   227.000      3.52301e+02     -4.02762e-02      0.00000e+00
   227.500      3.68204e+02     -4.44417e-02      0.00000e+00
   228.000      3.83866e+02     -3.88869e-02      0.00000e+00
   228.500      3.98935e+02     -4.16637e-02      0.00000e+00
   229.000      4.14894e+02     -3.19417e-02      0.00000e+00
   229.500      4.32808e+02     -4.86084e-02      0.00000e+00
   230.000      4.48635e+02     -4.16633e-02      0.00000e+00
   230.500      4.66694e+02     -3.19412e-02      0.00000e+00
   231.000      4.82953e+02     -6.24967e-02      0.00000e+00
   231.500      4.99504e+02     -4.44413e-02      0.00000e+00
   232.000      5.19791e+02     -6.80528e-02      0.00000e+00
   232.500      5.38146e+02     -5.41631e-02      0.00000e+00
   233.000      5.56281e+02     -5.55520e-02      0.00000e+00
   233.500      5.72805e+02     -4.44406e-02      0.00000e+00
   234.000      5.90204e+02     -4.44413e-02      0.00000e+00
   234.500      6.17160e+02     -7.08285e-02      0.00000e+00
   235.000      6.32870e+02     -4.30525e-02      0.00000e+00
   235.500      6.46263e+02     -3.47181e-02      0.00000e+00
   236.000      6.73926e+02     -6.94402e-02      0.00000e+00
   236.500      6.90294e+02     -3.19391e-02      0.00000e+00
   237.000      7.11057e+02     -6.66616e-02      0.00000e+00
   237.500      7.29377e+02     -5.13837e-02      0.00000e+00
   238.000      7.50188e+02     -6.38834e-02      0.00000e+00
   238.500      7.69177e+02     -5.13828e-02      0.00000e+00
   239.000      7.82728e+02     -3.33272e-02      0.00000e+00
   239.500      8.11329e+02     -7.36044e-02      0.00000e+00
   240.000      8.33229e+02     -7.36061e-02      0.00000e+00
   240.500      8.37654e+02      2.18120e-02      2.59762e-03
   241.000      8.58412e+02      8.84955e-03      2.70151e-03
   241.500      8.85470e+02     -2.97363e-02      2.21683e-03
   242.000      8.94864e+02      9.60492e-03      3.23369e-03
   242.500      9.10893e+02      5.40638e-03      2.54710e-03
   243.000      9.31527e+02     -1.23840e-02      3.36864e-03
   243.500      9.56533e+02     -5.99161e-02      1.54855e-03
   244.000      9.68383e+02      3.75123e-02      3.86227e-03
   244.500      9.70883e+02      6.19662e-02      4.33601e-03
   245.000      9.93341e+02     -1.03704e-01      3.94479e-03
   245.500      1.02629e+03     -1.34438e-01      3.31394e-03
   246.000      1.03124e+03     -3.24509e-02      4.15044e-03
   246.500      1.03443e+03     -4.48120e-02      1.10481e-03
   247.000      1.04958e+03     -1.29583e-01      1.04042e-03
   247.500      1.06777e+03     -8.34409e-02      3.73237e-03
   248.000      1.07115e+03     -6.13691e-02      2.23085e-03
   248.500      1.08086e+03     -6.62212e-02      4.50453e-03
   249.000      1.10905e+03     -3.17854e-02      6.04875e-03
   249.500      1.10934e+03     -1.52347e-02      4.92249e-03
   250.000      1.12034e+03     -3.52684e-03      6.07036e-03
   250.500      1.10981e+03      2.40684e-02      4.19359e-03
   251.000      1.11405e+03     -6.68859e-02      2.60624e-03
   251.500      1.15063e+03     -2.19873e-01      1.35128e-03
   252.000      1.15224e+03     -2.07497e-02      5.29802e-03
   252.500      1.13681e+03      1.23633e-02      3.04594e-03
   253.000      1.14096e+03     -8.41135e-02      1.83382e-03
   253.500      1.15386e+03     -6.62229e-02      4.50452e-03
   254.000      1.15805e+03     -5.51854e-02      3.75384e-03
   254.500      1.13591e+03      4.12882e-02      4.96579e-03
   255.000      1.16520e+03     -1.75067e-01      2.46461e-04
   255.500      1.17467e+03     -1.12368e-01      1.81239e-03
   256.000      1.15091e+03      2.95770e-02      3.81790e-03
   256.500      1.12529e+03      7.50618e-02      4.61187e-03
   257.000      1.13824e+03     -4.41483e-02      3.00304e-03
   257.500      1.12581e+03      2.40637e-02      4.19351e-03
   258.000      1.12162e+03      1.32715e-03      3.79669e-03
   258.500      1.16191e+03     -2.03315e-01      2.25259e-04
   259.000      1.14262e+03      1.32720e-03      3.79669e-03
   259.500      1.08423e+03      1.53638e-01      3.15294e-03
   260.000      1.08396e+03     -1.19222e-01     -1.60905e-03
   260.500      1.11810e+03     -1.80576e-01      6.22138e-04
   261.000      1.09029e+03      6.33621e-02      3.46440e-03
   261.500      1.05438e+03      5.71743e-02      1.94131e-03
   262.000      1.05996e+03     -1.07513e-01     -4.61215e-04
   262.500      1.06634e+03     -5.03325e-02      1.48005e-03
   263.000      1.01623e+03      1.53639e-01      3.15302e-03
   263.500      9.94995e+02      3.11375e-02      2.13165e-04
   264.000      1.00896e+03     -1.07512e-01     -4.61194e-04
   264.500      1.01096e+03     -1.19210e-01     -1.60859e-03
   265.000      9.61421e+02      1.14370e-01      2.32627e-03
   265.500      9.65231e+02     -2.85461e-02      7.75435e-04
   266.000      9.44056e+02      9.77459e-02      3.26234e-03
   266.500      9.20342e+02      4.44293e-02      1.05841e-03
   267.000      8.79168e+02      1.39248e-01      2.38306e-03
   267.500      8.94342e+02     -5.93590e-02      1.51127e-03
   268.000      8.71813e+02      9.16920e-02      2.11894e-03
   268.500      8.31353e+02      1.45383e-01      2.15990e-03
   269.000      8.04963e+02      1.51792e-01      2.69641e-03
   269.500      8.20803e+02     -1.50276e-01     -3.18859e-03
   270.000      7.98361e+02      7.03500e-03     -8.67693e-04
   270.500      7.57143e+02      1.90244e-01      2.80138e-03
   271.000      7.37431e+02      1.12579e-01      2.05912e-03
   271.500      7.26771e+02      9.92587e-03     -6.75790e-04
   272.000      7.12093e+02      7.88952e-02      1.04680e-03
   272.500      6.88359e+02      7.10532e-02     -3.63669e-04
   273.000      6.75227e+02     -7.54690e-02     -5.75077e-03
   273.500      6.43030e+02      9.97118e-02      7.96864e-04
   274.000      6.11493e+02      1.40676e-01     -1.60129e-03
   274.500      5.97822e+02      1.05659e-02     -2.07958e-03
   275.000      5.86993e+02      1.12715e-01      2.43877e-03
   275.500      5.60744e+02     -1.95830e-02      5.54462e-04
   276.000      5.40696e+02      1.33883e-01      1.58187e-03
   276.500      5.23332e+02     -5.15309e-03     -1.78804e-03
   277.000      5.09497e+02      4.29516e-02     -1.56158e-03
   277.500      4.90168e+02     -4.21615e-03      8.69859e-04
   278.000      4.65654e+02      5.91350e-02     -5.24486e-04
   278.500      4.52611e+02      2.39460e-02     -2.60073e-03
   279.000      4.30834e+02      9.29079e-02     -8.78487e-04
   279.500      4.14265e+02      5.04381e-02      4.55745e-04
   280.000      3.95837e+02      9.43094e-02      3.10813e-03
   280.500      3.74595e+02     -2.94739e-02     -1.88215e-03
   281.000      3.67955e+02      1.02166e-02     -1.47248e-03
   281.500      3.38501e+02      8.51836e-02     -3.52925e-04
   282.000      3.24289e+02      3.54947e-02     -2.76700e-04
   282.500      3.11413e+02      3.10803e-02      2.35887e-05
   283.000      3.01565e+02      4.34196e-02     -2.32725e-04
   283.500      2.93851e+02      6.71088e-02      1.26553e-03
   284.000      2.68406e+02      1.02957e-01      3.81791e-04
   284.500      2.58601e+02      7.69939e-02     -1.15617e-03
   285.000      2.45325e+02      7.14101e-02     -9.70584e-04
   285.500      2.28682e+02      1.16734e-01      9.99579e-04
   286.000      2.21221e+02      8.05527e-02      9.34167e-04
   286.500      2.09959e+02      4.30862e-02     -1.18193e-03
   287.000      2.01759e+02      7.22286e-02     -2.48794e-04
   287.500      1.86977e+02      1.31613e-01      1.54223e-03
   288.000      1.73425e+02      7.60909e-02     -5.11575e-04
   288.500      1.64907e+02      8.43487e-02      4.81540e-04
   289.000      1.55988e+02      8.44154e-02      6.71369e-04
   289.500      1.48186e+02      1.18122e-01      1.27605e-04
   290.000      1.40311e+02      6.71293e-02     -2.90641e-04
   290.500      1.32830e+02      9.97140e-02      7.96869e-04
   291.000      1.25811e+02      9.51003e-02      5.27695e-04
   291.500      1.15686e+02      1.26314e-01      9.30920e-04
   292.000      1.08396e+02      1.01236e-01      3.04574e-04
   292.500      1.03626e+02      8.08272e-02     -5.63066e-05
   293.000      9.75444e+01      9.77557e-02      3.66500e-04
   293.500      8.92229e+01      9.80185e-02      7.95581e-04
   294.000      8.52545e+01      7.65267e-02     -7.47634e-05
   294.500      8.00175e+01      6.34108e-02      5.45348e-04
   295.000      7.56259e+01      7.15961e-02      2.02383e-04
   295.500      6.93450e+01      8.27396e-02      2.41202e-04
   296.000      6.54057e+01      7.39131e-02      4.46968e-05
   296.500      6.07387e+01      6.80294e-02      5.03323e-04
   297.000      5.76668e+01      7.14175e-02      1.75681e-04
   297.500      5.30757e+01      7.83494e-02      2.87226e-04
   298.000      4.93753e+01      6.55015e-02      3.83736e-04
   298.500      4.65716e+01      6.34198e-02      4.08718e-04
   299.000      4.39220e+01      5.36476e-02      4.12708e-04
   299.500      4.01735e+01      6.06164e-02      3.07921e-04
   300.000      3.79428e+01      5.77755e-02      4.23425e-04
   300.500      3.58839e+01      4.95565e-02      1.85652e-04
   301.000      3.28119e+01      5.91244e-02      5.64877e-04
   301.500      3.06858e+01      5.34001e-02      3.51779e-04
   302.000      2.93456e+01      4.66252e-02      3.65613e-04
   302.500      2.72166e+01      4.77336e-02      4.65140e-04
   303.000      2.50163e+01      5.20292e-02      3.08987e-04
   303.500      2.33966e+01      4.15544e-02      2.44099e-04
   304.000      2.26586e+01      4.36541e-02      4.31678e-04
   304.500      2.11050e+01      2.96821e-02      6.04889e-05
   305.000      1.89967e+01      3.98105e-02      2.65547e-04
   305.500      1.76948e+01      3.89982e-02      2.04206e-04
   306.000      1.70979e+01      3.36979e-02      2.34341e-04
   306.500      1.63677e+01      2.59870e-02      1.56372e-04
   307.000      1.47879e+01      3.09009e-02      1.52511e-04
   307.500      1.33788e+01      3.19978e-02      5.84502e-05
   308.000      1.29158e+01      2.56426e-02      1.40927e-04
   308.500      1.20043e+01      2.96384e-02      2.57830e-04
   309.000      1.17128e+01      2.67529e-02      8.48349e-05
   309.500      9.98080e+00      3.01365e-02      3.89157e-04
   310.000      9.53641e+00      2.40710e-02      1.05953e-04
   310.500      9.02060e+00      2.32080e-02      1.74377e-04
   311.000      8.68068e+00      2.07982e-02      1.01190e-04
   311.500      8.42387e+00      1.92588e-02      1.41775e-04
   312.000      7.38949e+00      1.97609e-02      1.07614e-04
   312.500      6.74284e+00      1.71804e-02      6.35240e-05
   313.000      6.37700e+00      1.83560e-02      8.07389e-05
   313.500      6.54823e+00      1.55246e-02      1.58677e-04
   314.000      5.82032e+00      1.60426e-02      1.21492e-04
   314.500      4.94014e+00      1.68483e-02      6.66893e-05
   315.000      4.73938e+00      1.61628e-02      9.38755e-05
   315.500      5.14123e+00      1.24457e-02      1.27112e-04
   316.000      4.36473e+00      1.46907e-02      1.00728e-04
   316.500      3.88292e+00      1.35935e-02      4.90351e-05
   317.000      3.85393e+00      1.13782e-02      1.50902e-05
   317.500      3.76771e+00      1.12491e-02      8.21748e-05
   318.000      3.42913e+00      1.13202e-02      7.53965e-05
   318.500      2.77084e+00      1.25394e-02      7.21469e-05
   319.000      2.46205e+00      1.13731e-02      3.29256e-05
   319.500      2.95915e+00      8.49878e-03      6.90791e-05
   320.000      3.07940e+00      5.92453e-03      2.65116e-05
   320.500      2.31181e+00      9.12015e-03      3.65295e-05
   321.000      1.76905e+00      1.01023e-02      3.38589e-05
   321.500      1.69735e+00      8.38216e-03      2.64800e-05
   322.000      2.29049e+00      5.07818e-03      2.96651e-05
   322.500      2.03496e+00      6.12033e-03      2.09668e-05
   323.000      1.82422e+00      6.34524e-03      1.78013e-06
   323.500      1.21792e+00      7.75058e-03      1.69670e-05
   324.000      1.05813e+00      7.05405e-03      2.68385e-05
   324.500      1.15990e+00      5.79056e-03      2.78531e-05
   325.000      1.62858e+00      3.63734e-03      1.30098e-05
   325.500      1.39942e+00      4.15279e-03      1.68169e-05
   326.000      9.66564e-01      5.39736e-03      6.98193e-06
   326.500      7.10802e-01      5.38332e-03      1.68780e-05
   327.000      7.62942e-01      4.35949e-03      2.62730e-05
   327.500      8.08359e-01      4.00238e-03      1.32487e-05
   328.000      1.24197e+00      2.14393e-03      7.70037e-06
   328.500      8.18632e-01      4.66202e-03      1.73554e-05
   329.000      5.23691e-01      4.63981e-03      1.84770e-05
   329.500      4.12420e-01      3.84970e-03      1.60554e-05
   330.000      4.07569e-01      3.12715e-03      1.13696e-05
   330.500      6.62086e-01      2.47271e-03      1.07967e-05
   331.000      7.70223e-01      2.06793e-03      1.81188e-05
   331.500      5.82198e-01      2.88270e-03      5.45267e-06
   332.000      3.56725e-01      2.89830e-03      9.63966e-06
   332.500      2.53466e-01      2.44587e-03      8.34731e-06
   333.000      2.93386e-01      2.11241e-03      1.12066e-05
   333.500      4.18521e-01      1.62466e-03      1.23167e-05
   334.000      4.70398e-01      2.35447e-03      8.73331e-06
   334.500      2.99624e-01      2.10290e-03      5.05038e-06
   335.000      1.90687e-01      1.85238e-03      1.08194e-05
   335.500      1.50706e-01      1.64237e-03      6.44680e-06
   336.000      1.46067e-01      1.52350e-03      5.78723e-06
   336.500      2.35387e-01      1.43017e-03      7.08279e-06
   337.000      2.81147e-01      1.37309e-03      1.34921e-05
   337.500      3.07570e-01      9.43990e-04     -1.82649e-06
   338.000      1.75675e-01      1.19394e-03      5.27134e-06
   338.500      1.10912e-01      1.10394e-03      4.78551e-06
   339.000      9.59741e-02      1.31284e-03      9.23317e-06
   339.500      1.26780e-01      1.44493e-03      5.68965e-06
   340.000      1.75970e-01      1.00358e-03      1.18072e-05
   340.500      1.52897e-01      9.61925e-04      2.59010e-06
   341.000      9.39935e-02      7.64636e-04      6.56356e-07
   341.500      6.05981e-02      7.18286e-04      3.80953e-06
   342.000      5.61914e-02      7.66873e-04      3.80845e-06
   342.500      4.87826e-02      7.80363e-04      5.22308e-06
   343.000      7.29374e-02      9.14156e-04      3.31296e-06
   343.500      7.08721e-02      7.94910e-04      4.81660e-06
   344.000      1.35792e-01      2.24593e-04      8.53746e-07
   344.500      8.87467e-02      1.90457e-04     -3.04376e-06
   345.000      6.19191e-02      2.33146e-04     -5.36464e-06
   345.500      5.04282e-02      6.82723e-04      3.89640e-06
   346.000      4.50701e-02      6.88659e-04      3.10382e-06
   346.500      3.30701e-02      6.60698e-04      7.14392e-06
   347.000      3.54134e-02      3.49500e-04      4.21279e-06
   347.500      4.55741e-02      2.42203e-04     -2.09352e-06
   348.000      2.81456e-02      3.49034e-04      2.88396e-06
   348.500      2.41370e-02      2.21387e-04     -1.84363e-06
   349.000      1.91085e-02      2.89716e-04      1.28271e-06
   349.500      2.94543e-02      4.33489e-04      4.42945e-07
   350.000      2.23258e-02      2.94216e-04     -3.83953e-07
   351.000      0.00000e+00      0.00000e+00      0.00000e+00
   405.000      0.00000e+00      0.00000e+00      0.00000e+00
   406.000      5.82000e-04     -2.93980e-12      1.31257e-14
   407.000      1.16000e-03     -1.16281e-11     -2.18016e-13
   408.000      1.75000e-03     -6.41319e-12      6.13089e-14
   409.000      2.33000e-03     -1.04570e-11      1.36920e-13
   410.000      2.91000e-03     -8.21257e-12      3.63397e-13
   411.000      2.96000e-03     -9.82456e-12      4.59903e-13
   412.000      3.00000e-03     -1.95813e-11      1.03272e-13
   413.000      3.05000e-03     -3.79298e-11     -9.65309e-13
   414.000      3.09000e-03     -2.83755e-11     -4.68715e-13
   415.000      3.14000e-03     -1.74109e-11     -7.04745e-14
   416.000      3.31000e-03     -1.64055e-11      1.11097e-13
   417.000      3.48000e-03     -1.54002e-11      2.92669e-13
   418.000      3.65000e-03      7.49081e-12      1.01560e-12
   419.000      3.82000e-03     -2.33914e-11      4.22168e-14
   420.000      3.99000e-03     -3.86764e-11     -5.40675e-13
   421.000      4.50000e-03     -2.98181e-11     -2.45715e-13
   422.000      5.01000e-03     -3.42294e-11     -6.26457e-13
   423.000      5.52000e-03     -2.44789e-11      4.69749e-13
   424.000      6.03000e-03     -8.88621e-12      1.31620e-12
   425.000      6.54000e-03     -1.32975e-11      9.35457e-13
   426.000      6.60000e-03     -4.91006e-11     -6.84079e-13
   427.000      6.66000e-03     -5.88581e-11     -8.98900e-13
   428.000      6.71000e-03     -2.48688e-11      8.15294e-13
   429.000      6.77000e-03     -4.80952e-11     -5.02507e-13
   430.000      6.83000e-03     -4.52761e-11     -4.15593e-13
   431.000      7.20000e-03     -7.16151e-11     -1.87644e-12
   432.000      7.56000e-03     -5.33148e-11     -6.07019e-13
   433.000      7.93000e-03     -4.75669e-11     -4.85625e-13
   434.000      8.29000e-03     -6.78886e-11     -9.22657e-13
   435.000      8.66000e-03     -2.30249e-11      8.51877e-13
   436.000      9.43000e-03     -6.96872e-11     -7.62379e-13
   437.000      1.02000e-02     -3.91055e-11      1.03627e-12
   438.000      1.10000e-02     -8.15368e-11     -8.73050e-13
   439.000      1.17000e-02     -9.98479e-11     -9.46938e-13
   440.000      1.25000e-02     -1.30196e-10     -2.50121e-12
   441.000      1.30000e-02     -1.45091e-11      1.65872e-12
   442.000      1.35000e-02     -7.66785e-11     -8.13152e-15
   443.000      1.39000e-02     -9.13590e-11     -8.38577e-13
   444.000      1.44000e-02     -1.43230e-10     -3.75287e-12
   445.000      1.49000e-02     -5.09114e-11      1.40608e-12
   446.000      1.53000e-02     -1.82844e-10     -5.29165e-12
   447.000      1.58000e-02     -2.71487e-11      1.32266e-12
   448.000      1.62000e-02     -9.31230e-11     -6.08106e-13
   449.000      1.67000e-02     -1.42222e-10     -2.02653e-12
   450.000      1.71000e-02     -1.07584e-10     -1.54342e-12
   451.000      1.79000e-02     -5.97007e-11      2.08591e-13
   452.000      1.87000e-02     -1.52438e-10     -2.90766e-12
   453.000      1.96000e-02     -1.39961e-10     -1.63701e-12
   454.000      2.04000e-02     -7.82109e-11      2.07253e-12
   455.000      2.12000e-02     -1.07572e-10      4.11640e-13
   456.000      2.41000e-02     -1.95626e-10     -2.86017e-12
   457.000      2.70000e-02     -1.53357e-10     -1.62630e-14
   458.000      2.99000e-02     -2.15270e-10     -2.79122e-12
   459.000      3.28000e-02     -2.23308e-10     -1.15426e-12
   460.000      3.57000e-02     -3.11361e-10     -4.42606e-12
   461.000      3.59000e-02     -3.09296e-10     -6.88998e-12
   462.000      3.61000e-02     -2.73951e-10     -2.44708e-12
   463.000      3.64000e-02     -1.26662e-10      1.93030e-12
   464.000      3.66000e-02     -1.71334e-10      1.46442e-12
   465.000      3.68000e-02     -5.24982e-10     -1.26530e-11
   466.000      3.76000e-02     -2.48936e-10     -3.86732e-12
   467.000      3.83000e-02     -2.65462e-10     -2.33872e-12
   468.000      3.91000e-02     -2.44517e-10     -2.79267e-12
   469.000      3.98000e-02     -2.61043e-10     -1.26407e-12
   470.000      4.06000e-02     -1.91767e-10     -2.97837e-13
   471.000      4.23000e-02     -1.31406e-10      2.72482e-12
   472.000      4.39000e-02     -2.42410e-10     -1.59066e-12
   473.000      4.56000e-02     -1.35313e-10     -5.66045e-13
   474.000      4.72000e-02     -4.47541e-10     -9.70928e-12
   475.000      4.89000e-02     -3.81637e-10     -3.69488e-12
   476.000      5.33000e-02     -2.15715e-10      3.55900e-13
   477.000      5.78000e-02     -3.83088e-10     -3.74280e-12
   478.000      6.22000e-02     -6.75086e-10     -1.71777e-11
   479.000      6.67000e-02     -3.32257e-10     -2.79701e-12
   480.000      7.11000e-02     -7.17730e-10     -1.22358e-11
   481.000      7.37000e-02     -3.21661e-10     -1.48664e-12
   482.000      7.64000e-02     -4.60112e-10     -3.71471e-12
   483.000      7.90000e-02     -6.26526e-10     -1.24386e-11
   484.000      8.17000e-02     -4.03719e-10     -2.13813e-14
   485.000      8.43000e-02     -9.20303e-10     -1.74071e-11
   486.000      8.40000e-02     -5.57390e-10     -3.30511e-12
   487.000      8.37000e-02     -5.03453e-10     -2.85472e-12
   488.000      8.34000e-02     -1.40540e-10      1.12473e-11
   489.000      8.31000e-02     -5.96805e-10     -6.78172e-12
   490.000      8.28000e-02     -4.35117e-10      2.49251e-12
   491.000      8.44000e-02     -1.92001e-10      6.41236e-12
   492.000      8.60000e-02     -7.64874e-10     -1.49623e-11
   493.000      8.77000e-02     -2.89381e-10      7.11758e-12
   494.000      8.93000e-02     -9.58918e-10     -1.70974e-11
   495.000      9.09000e-02     -1.01050e-09     -1.40092e-11
   496.000      9.71000e-02     -1.62074e-10      1.14780e-11
   497.000      1.03000e-01     -5.74813e-10     -3.74708e-13
   498.000      1.10000e-01     -2.99622e-10      1.27406e-11
   499.000      1.16000e-01     -1.21996e-09     -2.98991e-11
   500.000      1.22000e-01     -6.88899e-10     -2.84671e-13
   501.000      1.30000e-01     -6.77483e-10     -2.81550e-12
   502.000      1.38000e-01     -6.51790e-10      7.47361e-12
   503.000      1.46000e-01     -1.16166e-09     -1.95201e-11
   504.000      1.54000e-01     -1.05359e-09     -1.92105e-11
   505.000      1.62000e-01     -8.12391e-10      8.72626e-12
   506.000      1.61000e-01     -5.62893e-10      1.15525e-11
   507.000      1.60000e-01     -4.17957e-10      1.23913e-11
   508.000      1.60000e-01     -4.17957e-10      1.23913e-11
   509.000      1.59000e-01     -1.29343e-09     -2.37286e-11
   510.000      1.58000e-01     -1.25305e-09     -2.48772e-11
   511.000      1.58000e-01     -1.25305e-09     -2.48772e-11
   512.000      1.59000e-01     -1.29343e-09     -2.37286e-11
   513.000      1.59000e-01     -1.29343e-09     -2.37286e-11
   514.000      1.60000e-01     -4.17957e-10      1.23913e-11
   515.000      1.60000e-01     -4.17957e-10      1.23913e-11
   516.000      1.64000e-01     -1.63783e-09     -3.02341e-11
   517.000      1.67000e-01     -8.65282e-10     -3.78401e-12
   518.000      1.71000e-01     -1.06475e-09     -9.45070e-12
   519.000      1.74000e-01     -7.77040e-10      1.73235e-11
   520.000      1.78000e-01     -5.96233e-10      9.34533e-12
   521.000      1.84000e-01     -1.49440e-09     -2.13274e-11
   522.000      1.90000e-01     -2.60169e-09     -5.59749e-11
   523.000      1.95000e-01     -2.03663e-09     -4.11820e-11
   524.000      2.01000e-01     -1.74324e-09     -4.11822e-11
   525.000      2.07000e-01     -1.40550e-09     -1.72485e-11
   526.000      2.17000e-01     -6.49276e-10      2.83217e-11
   527.000      2.26000e-01      3.34271e-10      6.47511e-11
   528.000      2.36000e-01     -3.83087e-10      2.61003e-11
   529.000      2.45000e-01     -1.44035e-09     -1.13877e-11
   530.000      2.55000e-01     -2.32248e-09     -3.00794e-11
   531.000      2.59000e-01     -6.96640e-10      2.05236e-11
   532.000      2.63000e-01     -6.80605e-10      3.25046e-11
   533.000      2.66000e-01     -2.86471e-09     -4.99340e-11
   534.000      2.70000e-01     -1.44799e-09     -3.30575e-12
   535.000      2.74000e-01     -1.01371e-09      1.66248e-11
   536.000      2.77000e-01     -2.81116e-09     -5.44523e-11
   537.000      2.80000e-01     -2.35868e-09     -4.76373e-11
   538.000      2.82000e-01     -3.45345e-09     -6.86260e-11
   539.000      2.85000e-01     -9.60163e-10      1.21065e-11
   540.000      2.88000e-01     -1.90836e-09     -1.57257e-11
   541.000      2.92000e-01     -2.32333e-09     -3.90401e-11
   542.000      2.96000e-01     -1.50239e-09     -7.74809e-12
   543.000      2.99000e-01     -7.83679e-10      5.43214e-11
   544.000      3.03000e-01     -2.26978e-09     -4.35585e-11
   545.000      3.07000e-01     -1.61362e-09      7.69270e-12
   546.000      3.09000e-01     -4.58458e-10      6.45963e-11
   547.000      3.11000e-01     -5.83556e-10      4.29595e-11
   548.000      3.13000e-01     -2.31846e-09     -1.72993e-11
   549.000      3.15000e-01     -1.80343e-09      3.34118e-13
   550.000      3.17000e-01     -2.09330e-09     -1.34350e-12
   551.000      3.21000e-01     -3.02688e-10      2.93004e-11
   552.000      3.25000e-01     -1.47821e-09      1.06089e-11
   553.000      3.28000e-01     -3.27566e-09     -6.04682e-11
   554.000      3.32000e-01     -1.60547e-09      1.40687e-11
   555.000      3.36000e-01     -2.22956e-09     -1.32204e-11
   556.000      3.46000e-01     -2.70924e-09     -2.22566e-11
   557.000      3.57000e-01     -2.01556e-09      1.24952e-11
   558.000      3.67000e-01     -3.77550e-09     -7.50813e-11
   559.000      3.78000e-01     -1.85867e-09     -1.30689e-11
   560.000      3.88000e-01     -3.56151e-09     -4.93657e-11
   561.000      3.97000e-01     -1.93783e-09      2.63339e-11
   562.000      4.05000e-01     -2.82488e-09     -7.15746e-11
   563.000      4.14000e-01     -2.81100e-09     -3.44970e-11
   564.000      4.22000e-01     -2.77893e-09     -1.05350e-11
   565.000      4.31000e-01     -2.82217e-09     -2.47372e-11
   566.000      4.38000e-01     -3.15855e-09     -2.52522e-11
   567.000      4.45000e-01     -1.08023e-09      3.21659e-11
   568.000      4.53000e-01     -6.29912e-10      6.40775e-11
   569.000      4.60000e-01     -9.66297e-10      6.35625e-11
   570.000      4.67000e-01     -2.96959e-09     -2.68543e-11
   571.000      4.69000e-01     -3.89959e-09     -6.78021e-11
   572.000      4.70000e-01     -3.05578e-09      1.59042e-11
   573.000      4.72000e-01     -7.66175e-10      5.22005e-11
   574.000      4.73000e-01     -2.39417e-09      2.66940e-11
   575.000      4.75000e-01      7.57440e-10      1.33581e-10
   576.000      4.71000e-01     -3.54933e-09     -3.02095e-11
   577.000      4.67000e-01     -2.96959e-09     -2.68543e-11
   578.000      4.63000e-01     -1.10959e-09      5.50413e-11
   579.000      4.59000e-01     -2.94455e-09      4.63421e-13
   580.000      4.55000e-01     -2.36481e-09      3.81865e-12
   581.000      4.51000e-01     -9.80171e-10      2.64849e-11
   582.000      4.47000e-01     -7.29974e-10      6.97584e-11
   583.000      4.43000e-01     -3.42694e-09     -5.54102e-11
   584.000      4.39000e-01     -4.45700e-09     -9.06770e-11
   585.000      4.35000e-01     -4.68216e-09     -1.06633e-10
   586.000      4.36000e-01     -1.42365e-09      3.50066e-11
   587.000      4.38000e-01     -3.15855e-09     -2.52522e-11
   588.000      4.39000e-01     -4.45700e-09     -9.06770e-11
   589.000      4.41000e-01     -2.11029e-09     -3.10094e-12
   590.000      4.42000e-01     -2.93339e-09     -9.29641e-12
   591.000      4.46000e-01     -3.98849e-09     -7.18809e-11
   592.000      4.50000e-01     -1.67817e-09      4.19262e-11
   593.000      4.53000e-01     -6.29912e-10      6.40775e-11
   594.000      4.57000e-01     -2.07166e-09     -9.86852e-12
   595.000      4.61000e-01     -5.54146e-09     -1.30386e-10
   596.000      4.67000e-01     -2.96959e-09     -2.68543e-11
   597.000      4.72000e-01     -7.66175e-10      5.22005e-11
   598.000      4.78000e-01     -1.47101e-09      2.72085e-11
   599.000      4.83000e-01     -3.34921e-09     -4.15715e-11
   600.000      4.89000e-01     -4.05405e-09     -6.65634e-11
   601.000      4.88000e-01     -2.75560e-09     -1.13868e-12
   602.000      4.87000e-01     -2.31915e-09     -6.30465e-12
   603.000      4.86000e-01     -3.43540e-09      1.18705e-12
   604.000      4.85000e-01     -4.27921e-09     -8.25192e-11
   605.000      4.84000e-01     -2.98076e-09     -1.70945e-11
   606.000      4.78000e-01     -1.47101e-09      2.72085e-11
   607.000      4.72000e-01     -7.66175e-10      5.22005e-11
   608.000      4.66000e-01     -3.33805e-09     -5.13313e-11
   609.000      4.60000e-01     -9.66297e-10      6.35625e-11
   610.000      4.54000e-01     -3.53817e-09     -3.99694e-11
   611.000      4.48000e-01     -1.64178e-09      1.56951e-11
   612.000      4.42000e-01     -2.93339e-09     -9.29641e-12
   613.000      4.36000e-01     -1.42365e-09      3.50066e-11
   614.000      4.30000e-01     -2.32861e-09      2.13765e-11
   615.000      4.24000e-01     -2.42867e-09      2.70575e-11
   616.000      4.17000e-01     -1.28739e-09      4.68835e-11
   617.000      4.10000e-01     -3.03616e-09     -5.04528e-11
   618.000      4.04000e-01     -2.33132e-09     -2.54608e-11
   619.000      3.97000e-01     -1.93783e-09      2.63339e-11
   620.000      3.90000e-01     -4.07326e-09     -8.23639e-11
   621.000      3.84000e-01     -2.50641e-09      1.32188e-11
   622.000      3.78000e-01     -1.85867e-09     -1.30689e-11
   623.000      3.72000e-01     -3.18189e-09     -3.46485e-11
   624.000      3.66000e-01     -2.53415e-09     -6.09363e-11
   625.000      3.60000e-01     -9.67306e-10      3.46465e-11
   626.000      3.57000e-01     -2.01556e-09      1.24952e-11
   627.000      3.53000e-01     -3.10273e-09     -7.40513e-11
   628.000      3.50000e-01     -8.74277e-10      3.23212e-11
   629.000      3.46000e-01     -2.70924e-09     -2.22566e-11
   630.000      3.43000e-01     -2.62305e-09     -6.50151e-11
   631.000      3.38000e-01     -1.50540e-09      8.38777e-12
   632.000      3.33000e-01     -3.11304e-09     -5.53308e-11
   633.000      3.27000e-01     -9.63175e-10      2.82423e-11
   634.000      3.22000e-01     -1.12579e-09      2.31049e-11
   635.000      3.17000e-01     -2.09330e-09     -1.34350e-12
   636.000      3.08000e-01     -2.10717e-09     -3.84210e-11
   637.000      3.00000e-01     -1.48636e-09      4.23291e-12
   638.000      2.91000e-01     -2.46990e-09     -3.21965e-11
   639.000      2.83000e-01     -2.07097e-09     -2.08632e-11
   640.000      2.74000e-01     -1.01371e-09      1.66248e-11
   641.000      2.71000e-01     -1.46619e-09      9.80980e-12
   642.000      2.69000e-01     -1.17632e-09      1.14874e-11
   643.000      2.66000e-01     -2.86471e-09     -4.99340e-11
   644.000      2.64000e-01     -2.57484e-09     -4.82564e-11
   645.000      2.61000e-01     -1.79141e-09     -4.65024e-13
   646.000      2.57000e-01     -1.64267e-09     -3.24052e-11
   647.000      2.53000e-01     -1.39248e-09      1.08683e-11
   648.000      2.50000e-01     -1.68019e-09     -1.59058e-11
   649.000      2.46000e-01     -2.30780e-09     -4.15171e-11
   650.000      2.42000e-01     -1.49038e-09     -8.54724e-12
   651.000      2.38000e-01     -2.41954e-10      5.97180e-11
   652.000      2.33000e-01     -1.66902e-09     -2.56656e-11
   653.000      2.29000e-01     -2.29663e-09     -5.12769e-11
   654.000      2.24000e-01     -8.20888e-10      7.84755e-12
   655.000      2.20000e-01     -5.99245e-10      2.54812e-11
   656.000      2.16000e-01     -1.22686e-09     -1.30104e-13
   657.000      2.13000e-01     -1.70789e-09     -3.25850e-11
   658.000      2.09000e-01     -1.90450e-09     -2.29009e-11
   659.000      2.06000e-01     -1.14963e-09     -7.49416e-13
   660.000      2.02000e-01     -1.16566e-09     -1.27304e-11
   661.000      1.99000e-01     -1.21569e-09     -9.88993e-12
   662.000      1.95000e-01     -2.03663e-09     -4.11820e-11
   663.000      1.92000e-01     -1.25320e-09      6.60941e-12
   664.000      1.88000e-01     -2.31182e-09     -5.42973e-11
   665.000      1.85000e-01      8.14083e-11      3.21162e-11
   666.000      1.81000e-01     -7.39528e-10      8.24127e-13
   667.000      1.78000e-01     -5.96233e-10      9.34533e-12
   668.000      1.74000e-01     -7.77040e-10      1.73235e-11
   669.000      1.71000e-01     -1.06475e-09     -9.45070e-12
   670.000      1.67000e-01     -8.65282e-10     -3.78401e-12
   671.000      1.64000e-01     -1.63783e-09     -3.02341e-11
   672.000      1.62000e-01     -8.12391e-10      8.72626e-12
   673.000      1.59000e-01     -1.29343e-09     -2.37286e-11
   674.000      1.57000e-01     -1.19050e-09     -1.40588e-11
   675.000      1.54000e-01     -1.05359e-09     -1.92105e-11
   676.000      1.52000e-01     -1.33094e-09     -7.22928e-12
   677.000      1.49000e-01     -1.61865e-09     -3.40034e-11
   678.000      1.47000e-01      1.16254e-10      2.62554e-11
   679.000      1.44000e-01     -9.54180e-10     -7.86287e-12
   680.000      1.42000e-01     -8.51257e-10      1.80692e-12
   681.000      1.39000e-01     -1.73474e-09     -4.03035e-11
   682.000      1.35000e-01     -7.23997e-10     -1.65288e-12
   683.000      1.32000e-01     -1.28742e-09     -2.41282e-11
   684.000      1.28000e-01     -1.19251e-09     -2.04489e-11
   685.000      1.25000e-01     -8.40094e-10     -7.95291e-12
   686.000      1.22000e-01     -6.88899e-10     -2.84671e-13
   687.000      1.20000e-01     -4.81414e-10      1.13725e-11
   688.000      1.17000e-01     -2.47834e-10      9.06118e-12
   689.000      1.15000e-01     -2.41574e-10      1.58906e-11
   690.000      1.12000e-01     -4.10444e-10      3.92377e-12
   691.000      1.10000e-01     -2.99622e-10      1.27406e-11
   692.000      1.08000e-01     -6.13428e-10     -6.50521e-14
   693.000      1.06000e-01     -6.07168e-10      6.76438e-12
   694.000      1.04000e-01     -1.16072e-10      1.32697e-11
   695.000      1.02000e-01     -7.27766e-10     -7.20402e-12
   696.000      1.00000e-01     -1.04157e-09     -2.00097e-11
   697.000      9.80000e-02     -6.32861e-10     -3.52472e-12
   698.000      9.60000e-02     -6.26602e-10      3.30471e-12
   699.000      9.40000e-02     -1.15591e-09     -2.71486e-11
   700.000      9.20000e-02     -7.47199e-10     -1.06637e-11
   701.000      9.04000e-02     -1.09807e-09     -2.34074e-11
   702.000      8.88000e-02     -5.25193e-10     -2.03273e-12
   703.000      8.72000e-02     -1.75721e-10      2.54720e-12
   704.000      8.56000e-02     -8.10199e-10     -5.04468e-12
   705.000      8.40000e-02     -5.57390e-10     -3.30511e-12
   706.000      8.26000e-02     -6.73281e-10     -1.01964e-11
   707.000      8.12000e-02     -3.83533e-10     -5.95675e-13
   708.000      7.98000e-02     -5.92899e-10     -3.49085e-12
   709.000      7.84000e-02     -5.59846e-10     -6.54806e-12
   710.000      7.70000e-02     -5.26793e-10     -9.60526e-12
   711.000      7.54000e-02     -5.68683e-10     -8.69736e-12
   712.000      7.38000e-02      4.19037e-12      1.26773e-11
   713.000      7.22000e-02     -5.47902e-10     -4.89416e-12
   714.000      7.06000e-02     -1.87342e-10      5.66926e-12
   715.000      6.90000e-02     -3.25895e-10      3.73680e-12
   716.000      6.78000e-02     -3.63654e-10     -2.83122e-13
   717.000      6.66000e-02     -9.24371e-11      9.34855e-12
   718.000      6.54000e-02     -3.75803e-10     -1.34579e-12
   719.000      6.42000e-02     -1.04586e-10      8.28588e-12
   720.000      6.30000e-02     -4.51321e-10     -9.38564e-12
   721.000      6.18000e-02     -4.77992e-10     -7.42209e-12
   722.000      6.06000e-02     -4.08000e-10     -2.61817e-12
   723.000      5.94000e-02     -4.94091e-10     -8.05827e-12
   724.000      5.82000e-02     -3.71818e-10     -2.26066e-12
   725.000      5.70000e-02     -3.57296e-10     -5.28689e-12
   726.000      5.61000e-02     -2.88960e-10      6.03463e-14
   727.000      5.52000e-02     -4.28987e-10     -5.83014e-12
   728.000      5.43000e-02     -5.88127e-11      6.75873e-12
   729.000      5.34000e-02     -2.99453e-10     -1.54564e-12
   730.000      5.25000e-02     -4.39480e-10     -7.43613e-12
   731.000      5.15000e-02     -2.87406e-10     -1.87354e-13
   732.000      5.05000e-02     -2.91415e-10     -3.18260e-12
   733.000      4.95000e-02     -3.88898e-10     -2.18177e-12
   734.000      4.85000e-02     -4.45188e-10     -6.17071e-12
   735.000      4.75000e-02     -6.50422e-10     -1.39937e-11
   736.000      4.69000e-02     -1.32960e-10      2.97252e-12
   737.000      4.64000e-02     -1.61105e-10      9.78047e-13
   738.000      4.58000e-02     -4.55681e-10     -7.77670e-12
   739.000      4.53000e-02     -3.23794e-10      4.63666e-14
   740.000      4.47000e-02     -5.77178e-10     -1.36982e-11
   741.000      4.42000e-02     -3.44678e-10     -3.46122e-12
   742.000      4.36000e-02     -8.78603e-11      1.27360e-12
   743.000      4.31000e-02     -3.11687e-10     -2.55689e-12
   744.000      4.25000e-02     -2.50550e-10      3.41921e-13
   745.000      4.20000e-02     -2.78695e-10     -1.65255e-12
   746.000      4.11000e-02     -6.30089e-11      4.11051e-12
   747.000      4.02000e-02     -2.03036e-10     -1.77997e-12
   748.000      3.93000e-02     -2.89188e-10     -3.25854e-12
   749.000      3.84000e-02     -3.00868e-10     -2.82008e-12
   750.000      3.75000e-02     -1.85795e-10      5.29113e-13
   751.000      3.65000e-02     -2.90416e-10     -4.88001e-12
   752.000      3.55000e-02     -2.12814e-10      4.51730e-13
   753.000      3.45000e-02     -1.62948e-10      1.86840e-12
   754.000      3.35000e-02     -1.65362e-10      2.29138e-12
   755.000      3.25000e-02     -1.69371e-10     -7.03874e-13
   756.000      3.18000e-02      2.93788e-11      8.50839e-12
   757.000      3.12000e-02     -2.92933e-10     -4.16143e-12
   758.000      3.05000e-02     -1.72225e-10     -7.11677e-14
   759.000      2.99000e-02     -2.15270e-10     -2.79122e-12
   760.000      2.92000e-02      5.99264e-11      8.12484e-12
   761.000      2.89000e-02     -1.91544e-10     -1.87140e-12
   762.000      2.86000e-02     -2.38220e-10     -3.83489e-12
   763.000      2.82000e-02     -1.71448e-10     -1.95018e-13
   764.000      2.79000e-02     -6.72050e-11      1.46230e-12
   765.000      2.76000e-02     -2.14493e-10     -2.91507e-12
   766.000      2.75000e-02     -7.49056e-11      3.18515e-12
   767.000      2.74000e-02     -6.56402e-11      3.16966e-12
   768.000      2.72000e-02     -2.01598e-10     -3.68712e-12
   769.000      2.71000e-02     -2.92945e-10     -6.11648e-12
   770.000      2.70000e-02     -1.53357e-10     -1.62630e-14
   771.000      2.72000e-02     -2.01598e-10     -3.68712e-12
   772.000      2.74000e-02     -6.56402e-11      3.16966e-12
   773.000      2.76000e-02     -2.14493e-10     -2.91507e-12
   774.000      2.78000e-02     -1.82718e-10     -1.67715e-12
   775.000      2.80000e-02     -1.02611e-10      9.80943e-13
   776.000      2.81000e-02     -6.15701e-11      2.20337e-12
   777.000      2.82000e-02     -1.71448e-10     -1.95018e-13
   778.000      2.83000e-02     -1.30407e-10      1.02741e-12
   779.000      2.84000e-02     -3.54909e-11      6.66176e-12
   780.000      2.85000e-02     -1.78648e-10     -2.64344e-12
   781.000      2.78000e-02     -1.82718e-10     -1.67715e-12
   782.000      2.72000e-02     -2.01598e-10     -3.68712e-12
   783.000      2.65000e-02     -1.51792e-10      1.69109e-12
   784.000      2.59000e-02     -7.00590e-11      2.09501e-12
   785.000      2.52000e-02     -7.41291e-11      3.06130e-12
   786.000      2.46000e-02     -1.17174e-10      3.41247e-13
   787.000      2.39000e-02      3.53393e-12      4.43150e-12
   788.000      2.33000e-02     -1.40124e-10     -7.02426e-13
   789.000      2.26000e-02     -2.74517e-10     -5.85185e-12
   790.000      2.20000e-02     -1.63074e-10     -1.74610e-12
   791.000      2.12000e-02     -1.07572e-10      4.11640e-13
   792.000      2.05000e-02     -2.04728e-10     -3.77926e-12
   793.000      1.97000e-02     -1.62297e-10     -1.86995e-12
   794.000      1.90000e-02     -1.66367e-10     -9.03660e-13
   795.000      1.82000e-02     -6.33312e-11      9.65148e-13
   796.000      1.78000e-02     -1.37978e-10     -1.97235e-12
   797.000      1.74000e-02     -9.81439e-11     -5.38436e-13
   798.000      1.71000e-02     -1.07584e-10     -1.54342e-12
   799.000      1.67000e-02     -1.42222e-10     -2.02653e-12
   800.000      1.63000e-02     -1.02388e-10     -5.92617e-13
   801.000      1.65000e-02     -1.60927e-10     -3.01602e-12
   802.000      1.68000e-02     -7.42434e-11      1.40186e-12
   803.000      1.70000e-02     -5.83102e-11      8.95478e-13
   804.000      1.73000e-02     -1.76421e-10     -2.71938e-12
   805.000      1.75000e-02     -1.47417e-10     -2.97733e-12
   806.000      1.78000e-02     -1.37978e-10     -1.97235e-12
   807.000      1.81000e-02     -2.31923e-10     -4.87712e-12
   808.000      1.84000e-02     -2.62491e-10     -6.32652e-12
   809.000      1.87000e-02     -1.52438e-10     -2.90766e-12
   810.000      1.90000e-02     -1.66367e-10     -9.03660e-13
   811.000      1.89000e-02     -1.06795e-10      2.87790e-13
   812.000      1.88000e-02     -1.24468e-10     -1.93366e-12
   813.000      1.87000e-02     -1.52438e-10     -2.90766e-12
   814.000      1.86000e-02     -7.62272e-11      1.73719e-12
   815.000      1.85000e-02     -9.38995e-11     -4.84256e-13
   816.000      1.82000e-02     -6.33312e-11      9.65148e-13
   817.000      1.79000e-02     -5.97007e-11      2.08591e-13
   818.000      1.76000e-02     -1.29745e-10     -7.55883e-13
   819.000      1.73000e-02     -1.76421e-10     -2.71938e-12
   820.000      1.70000e-02     -5.83102e-11      8.95478e-13
   821.000      1.66000e-02     -1.59894e-10     -4.24798e-12
   822.000      1.63000e-02     -1.02388e-10     -5.92617e-13
   823.000      1.59000e-02      1.46894e-11      4.25420e-12
   824.000      1.56000e-02     -1.46467e-10     -2.08071e-12
   825.000      1.52000e-02     -1.58724e-10     -3.45623e-12
   826.000      1.50000e-02     -6.01768e-11      1.42156e-12
   827.000      1.48000e-02     -1.30973e-10     -2.37736e-12
   828.000      1.46000e-02      2.99632e-11      4.06242e-12
   829.000      1.44000e-02     -1.43230e-10     -3.75287e-12
   830.000      1.42000e-02     -1.77454e-11      3.33088e-12
   831.000      1.42000e-02     -1.77454e-11      3.33088e-12
   832.000      1.41000e-02     -8.57241e-11     -9.75089e-14
   833.000      1.41000e-02     -8.57241e-11     -9.75089e-14
   834.000      1.40000e-02     -5.13055e-11      4.90472e-13
   835.000      1.40000e-02     -5.13055e-11      4.90472e-13
   836.000      1.40000e-02     -5.13055e-11      4.90472e-13
   837.000      1.40000e-02     -5.13055e-11      4.90472e-13
   838.000      1.40000e-02     -5.13055e-11      4.90472e-13
   839.000      1.40000e-02     -5.13055e-11      4.90472e-13
   840.000      1.40000e-02     -5.13055e-11      4.90472e-13
   841.000      1.40000e-02     -5.13055e-11      4.90472e-13
   842.000      1.41000e-02     -8.57241e-11     -9.75089e-14
   843.000      1.41000e-02     -8.57241e-11     -9.75089e-14
   844.000      1.42000e-02     -1.77454e-11      3.33088e-12
   845.000      1.42000e-02     -1.77454e-11      3.33088e-12
   846.000      1.43000e-02     -1.19110e-10     -1.91745e-12
   847.000      1.43000e-02     -1.19110e-10     -1.91745e-12
   848.000      1.44000e-02     -1.43230e-10     -3.75287e-12
   849.000      1.44000e-02     -1.43230e-10     -3.75287e-12
   850.000      1.45000e-02     -1.52496e-10     -3.73738e-12
   851.000      0.00000e-00     -0.00000e-00      0.00000e-00
