  -0.050   0.000000
  -0.049   0.020000
  -0.048   0.040000
  -0.047   0.060000
  -0.046   0.080000
  -0.045   0.100000
  -0.044   0.120000
  -0.043   0.140000
  -0.042   0.160000
  -0.041   0.180000
  -0.040   0.200000
  -0.039   0.220000
  -0.038   0.240000
  -0.037   0.260000
  -0.036   0.280000
  -0.035   0.300000
  -0.034   0.320000
  -0.033   0.340000
  -0.032   0.360000
  -0.031   0.380000
  -0.030   0.400000
  -0.029   0.420000
  -0.028   0.440000
  -0.027   0.460000
  -0.026   0.480000
  -0.025   0.500000
  -0.024   0.520000
  -0.023   0.540000
  -0.022   0.560000
  -0.021   0.580000
  -0.020   0.600000
  -0.019   0.620000
  -0.018   0.640000
  -0.017   0.660000
  -0.016   0.680000
  -0.015   0.700000
  -0.014   0.720000
  -0.013   0.740000
  -0.012   0.760000
  -0.011   0.780000
  -0.010   0.800000
  -0.009   0.820000
  -0.008   0.840000
  -0.007   0.860000
  -0.006   0.880000
  -0.005   0.900000
  -0.004   0.920000
  -0.003   0.940000
  -0.002   0.960000
  -0.001   0.980000
   0.000   1.000000
   0.001   0.980000
   0.002   0.960000
   0.003   0.940000
   0.004   0.920000
   0.005   0.900000
   0.006   0.880000
   0.007   0.860000
   0.008   0.840000
   0.009   0.820000
   0.010   0.800000
   0.011   0.780000
   0.012   0.760000
   0.013   0.740000
   0.014   0.720000
   0.015   0.700000
   0.016   0.680000
   0.017   0.660000
   0.018   0.640000
   0.019   0.620000
   0.020   0.600000
   0.021   0.580000
   0.022   0.560000
   0.023   0.540000
   0.024   0.520000
   0.025   0.500000
   0.026   0.480000
   0.027   0.460000
   0.028   0.440000
   0.029   0.420000
   0.030   0.400000
   0.031   0.380000
   0.032   0.360000
   0.033   0.340000
   0.034   0.320000
   0.035   0.300000
   0.036   0.280000
   0.037   0.260000
   0.038   0.240000
   0.039   0.220000
   0.040   0.200000
   0.041   0.180000
   0.042   0.160000
   0.043   0.140000
   0.044   0.120000
   0.045   0.100000
   0.046   0.080000
   0.047   0.060000
   0.048   0.040000
   0.049   0.020000
   0.050   0.000000
